94.9
93.75
95.14
95.34
94.6
95.05
94.16
94.56
93.47
93.1
93.9
93.24
94.6
94.37
94.23
93.08
91.42
92.66
92.9
93.53
100.44
100.21
102.48
101.99
102.51
103.96
106.7
107.54
108.0
107.49
106.74
107.78
108.51
107.66
104.8
100.46
98.64
98.98
94.22
94.19
97.7
95.45
98.79
96.2
95.05
90.03
94.59
91.04
83.83
89.25
84.46
90.39
91.5
94.05
92.3
95.14
97.0
94.29
97.77
95.0
98.2
97.49
95.39
95.94
95.33
99.88
100.58
102.15
102.14
108.44
114.17
115.38
120.41
118.75
119.68
116.41
118.17
119.97
120.51
118.8
115.7
118.64
123.7
114.3
115.8
115.89
117.56
118.38
118.98
120.45
117.85
118.4
119.44
120.49
121.31
122.47
124.9
122.34
121.84
120.52
120.06
122.12
123.55
123.62
123.92
123.03
124.15
126.2
130.04
132.37
127.9
127.25
128.63
130.76
132.05
132.7
133.75
135.69
138.22
136.72
137.73
134.64
134.02
137.94
143.94
144.51
150.01
154.06
159.13
160.0
155.2
154.2
150.44
150.0
148.1
159.84
156.91
155.0
149.33
150.45
152.76
150.02
151.68
152.59
158.23
155.59
156.94
160.25
161.25
158.37
157.41
154.03
158.11
158.05
157.4
159.12
165.62
163.02
164.87
164.24
165.37
167.32
172.09
170.0
170.09
172.55
174.96
176.57
168.4
164.73
163.43
158.76
155.81
155.15
157.81
153.91
150.44
147.75
148.02
156.45
149.99
150.99
154.76
158.7
157.24
157.44
161.06
156.25
159.96
155.0
159.78
159.53
164.33
172.15
172.18
168.19
166.93
163.64
160.36
160.85
159.25
158.82
160.22
160.35
164.32
158.14
160.55
151.81
150.22
152.42
162.06
166.1
165.57
157.19
151.75
156.87
155.51
156.44
156.55
156.78
155.27
155.85
154.97
154.92
155.9
159.25
158.4
161.0
160.18
159.34
158.13
157.9
158.86
155.21
155.07
155.82
157.85
158.26
162.05
161.8
160.08
160.31
160.33
159.26
158.63
164.2
166.1
164.29
162.85
159.33
160.93
156.92
158.11
159.13
155.71
156.04
158.29
156.37
155.21
163.17
165.35
164.61
164.7
166.31
161.63
161.88
160.31
167.14
169.0
165.63
166.55
167.61
166.15
165.25
164.33
163.11
163.89
165.43
166.41
162.5
159.04
159.72
157.98
152.86
154.65
157.31
154.73
150.25
148.88
150.02
147.6
153.14
152.88
155.68
154.47
154.08
154.59
156.79
151.4
153.75
155.54
156.88
154.35
152.31
152.6
153.79
152.76
154.7
158.05
161.34
161.19
163.97
164.97
168.61
168.97
170.0
166.65
168.95
169.97
168.6
166.73
168.1
165.45
167.04
170.45
170.87
172.93
173.57
173.37
169.32
165.59
163.53
165.32
164.58
159.52
161.2
157.6
158.07
161.15
163.52
161.61
161.59
162.38
160.15
162.25
162.95
163.26
161.51
161.15
161.7
159.35
160.31
159.9
163.21
164.06
167.48
167.34
169.19
169.16
170.76
174.46
174.34
172.7
175.27
175.19
172.45
170.07
172.19
172.41
172.01
171.65
175.55
184.83
186.57
185.97
185.93
183.87
184.08
181.56
178.68
177.48
178.66
179.26
181.9
182.83
184.99
181.32
181.52
180.0
166.38
166.57
168.31
167.74
168.8
167.25
167.09
166.03
164.61
165.18
164.7
164.95
162.1
160.06
159.39
160.0
163.29
165.29
164.96
165.8
167.48
171.08
173.54
173.95
173.16
173.9
176.28
174.21
173.46
172.86
172.5
173.79
174.41
173.13
167.79
167.18
169.0
170.8
171.28
170.29
165.8
165.06
164.25
164.16
159.49
161.05
163.1
165.12
164.43
162.31
162.37
164.21
164.99
170.45
172.34
172.21
170.75
171.75
166.78
166.02
168.8
169.62
172.33
168.62
165.91
165.64
169.2
173.85
175.95
174.45
178.81
174.1
173.62
176.26
177.28
177.03
177.45
184.8
183.83
178.63
179.0
179.02
178.08
175.35
172.19
171.87
169.49
171.37
176.16
176.16
174.17
172.21
169.57
169.09
173.31
168.87
170.02
167.08
170.42
171.04
171.07
169.67
170.66
169.2
168.64
166.72
170.4
167.52
164.36
163.25
162.55
161.49
165.36
165.21
161.21
162.14
156.3
151.67
142.64
144.54
139.99
138.87
139.64
143.98
149.57
151.19
150.61
138.85
157.64
157.94
161.41
161.19
159.0
153.29
155.17
156.51
158.1
154.65
152.6
144.83
151.36
153.79
153.56
151.14
152.05
147.9
145.64
137.45
136.01
139.28
146.82
145.52
141.85
147.37
153.1
157.24
161.25
161.49
164.89
163.41
163.65
164.77
168.99
169.31
166.3
163.0
163.56
168.35
164.06
158.76
157.78
154.46
151.12
150.79
155.54
151.71
152.78
158.12
154.0
148.3
144.35
146.07
139.39
138.17
144.6
124.28
124.5
124.25
125.93
116.41
114.77
108.79
108.86
105.37
106.93
113.06
110.81
115.37
107.11
107.32
107.59
107.56
104.1
106.78
111.08
115.15
121.68
125.51
122.35
124.79
123.0
121.18
116.15
109.65
103.67
102.31
107.67
103.66
106.22
108.95
112.44
116.46
113.22
107.4
108.92
106.21
109.56
114.33
116.33
115.54
111.75
109.22
110.4
110.63
113.55
113.76
118.21
122.77
124.63
122.42
121.14
114.81
120.97
122.28
134.95
135.39
134.16
139.52
142.57
140.8
139.41
137.83
142.69
140.64
143.55
143.18
144.78
142.1
142.3
138.23
133.22
133.62
133.8
137.28
130.75
129.79
128.73
126.77
127.82
127.51
129.48
129.82
133.27
136.45
126.82
128.55
126.28
123.53
124.66
122.19
118.54
117.31
113.78
115.15
114.41
118.01
114.8
113.0
115.88
121.09
120.95
120.3
114.56
113.67
112.21
112.9
112.53
106.9
113.79
116.36
115.07
115.25
119.32
119.82
120.6
115.66
110.96
103.41
102.44
96.79
92.12
89.3
90.98
90.53
89.98
86.14
96.63
100.79
98.49
98.94
97.12
94.85
94.14
92.46
93.2
94.13
93.41
93.95
92.42
96.54
95.5
94.13
91.01
88.25
88.46
90.35
89.09
90.55
92.49
91.58
88.45
87.86
84.92
85.19
86.77
83.79
85.25
83.04
81.82
84.18
84.0
85.82
85.14
83.12
86.08
87.36
89.87
95.09
95.27
98.12
96.05
95.46
93.68
97.25
97.52
96.32
97.18
99.22
102.24
100.55
103.13
105.15
112.91
103.39
102.18
102.11
100.05
98.24
97.61
99.54
99.7
101.16
98.15
97.2
94.58
95.79
95.82
93.5
93.76
94.23
92.17
92.13
94.9
93.75
93.55
93.92
92.25
90.73
92.43
94.88
96.2
100.04
98.95
97.71
100.61
98.7
98.71
98.13
98.04
97.24
100.25
102.0
103.29
102.41
103.95
101.1
102.06
102.17
99.92
97.83
102.4
102.51
102.74
102.3
104.3
103.81
106.96
106.21
102.57
104.98
109.82
105.45
102.05
103.63
103.65
104.0
105.65
105.83
106.62
110.19
112.18
110.26
111.2
113.4
115.5
118.15
116.25
115.01
114.99
116.75
115.0
120.11
121.66
120.58
122.77
124.25
125.3
126.61
121.23
124.25
123.43
126.57
126.66
126.42
127.11
125.49
125.78
124.83
130.15
129.33
127.33
129.18
129.04
127.9
130.36
130.22
130.38
128.36
129.78
127.13
128.78
130.8
134.3
134.68
133.56
132.83
135.36
129.96
130.0
128.8
129.13
128.15
128.25
132.21
133.68
131.69
128.21
128.91
139.57
142.22
139.94
137.85
138.56
138.41
140.57
137.67
135.07
133.98
133.22
134.68
134.25
135.52
131.84
133.26
133.14
134.91
135.07
138.01
138.12
137.27
135.36
137.85
138.23
143.1
141.23
144.85
144.72
140.39
139.98
137.63
135.29
129.33
129.12
131.27
125.98
125.98
125.98
127.12
129.46
124.72
127.0
125.96
127.96
128.26
129.48
131.83
132.33
129.79
132.55
131.47
128.13
128.4
125.17
126.56
128.56
121.39
119.57
127.74
132.71
133.09
137.0
138.07
138.6
139.74
142.71
142.08
140.6
143.56
142.59
145.8
143.2
142.83
145.18
146.13
143.9
146.71
146.74
147.73
147.03
146.32
146.09
147.03
144.84
146.88
144.52
146.88
147.42
145.89
147.48
148.84
147.42
149.97
154.07
153.79
152.12
153.84
153.42
153.41
153.34
153.38
151.94
149.93
148.47
144.57
145.24
149.1
151.37
153.73
155.18
154.62
153.16
151.71
153.5
155.34
154.78
156.02
156.87
157.75
159.12
161.26
159.0
155.2
159.28
171.81
