75.09
74.36
74.95
74.6
75.8
77.41
77.58
79.24
78.17
77.83
78.81
79.68
79.14
79.42
79.81
79.58
77.24
79.42
81.08
80.97
77.38
77.17
79.71
80.36
81.3
80.01
80.39
79.9
81.8
81.22
81.24
79.75
80.91
80.08
78.26
74.55
72.02
73.16
68.38
68.34
74.7
72.33
75.69
73.23
72.26
66.54
71.33
68.86
62.06
69.49
60.55
63.22
61.67
61.2
57.31
56.09
61.72
61.38
64.61
61.94
63.7
63.57
60.23
61.23
60.35
65.62
64.86
66.52
67.0
68.31
71.76
71.11
71.67
70.7
69.23
67.09
69.03
68.76
70.74
70.79
69.64
71.93
73.45
72.27
73.29
74.39
75.16
75.94
77.53
78.75
77.85
76.91
77.39
76.93
78.74
78.28
79.81
79.21
79.72
79.53
79.56
79.48
80.46
80.83
81.28
80.58
82.88
83.36
86.0
88.21
83.97
84.7
85.75
88.02
87.9
87.93
87.43
89.72
91.63
90.02
91.21
88.41
90.44
91.2
91.03
91.03
93.17
95.34
95.68
95.92
95.48
97.06
97.72
96.52
96.33
98.36
97.0
97.27
92.84
92.61
94.81
93.25
95.04
96.19
106.26
108.94
109.67
110.06
113.9
111.11
112.73
109.38
113.01
115.01
114.91
114.61
115.56
115.71
118.28
124.37
125.86
124.83
126.52
125.01
124.81
129.04
134.18
131.4
120.88
120.96
117.32
113.49
112.0
115.36
115.54
112.13
110.34
106.84
110.08
111.81
107.12
108.22
112.28
114.96
114.09
115.81
116.79
113.02
116.5
113.16
115.08
114.97
116.97
124.4
121.1
121.19
120.71
119.02
115.98
117.51
116.87
115.75
115.04
115.05
116.6
111.2
115.32
108.86
108.77
110.44
114.95
119.03
118.69
116.32
115.97
119.49
119.21
119.26
120.3
119.39
118.03
118.64
117.34
113.85
115.17
116.03
119.05
122.72
123.08
122.94
122.25
123.75
124.38
121.78
123.24
122.41
121.78
127.88
127.81
128.7
126.65
128.23
131.88
130.96
131.97
136.69
134.87
133.72
132.69
129.41
131.01
126.6
130.92
132.05
128.98
128.8
130.89
128.91
127.14
132.03
136.87
139.07
142.92
143.16
142.06
137.09
131.96
134.14
134.99
133.94
137.39
136.76
136.91
136.01
135.39
135.13
135.37
130.84
129.71
129.87
126.0
125.86
125.35
120.99
121.26
127.79
125.12
122.06
120.13
121.42
116.36
121.08
119.98
121.96
121.03
123.99
125.57
124.76
120.53
119.99
123.39
122.54
120.09
120.59
121.21
121.39
119.9
122.15
123.0
125.9
126.21
127.9
130.36
132.99
131.24
134.43
132.03
134.5
134.16
134.84
133.11
133.5
131.94
134.32
134.72
134.39
133.58
133.48
131.46
132.54
127.85
128.1
129.74
130.21
126.85
125.91
122.77
124.97
127.45
126.27
124.85
124.69
127.31
125.43
127.1
126.9
126.85
125.28
124.61
125.06
123.54
125.89
125.9
126.74
127.13
126.11
127.35
130.48
129.64
130.15
131.79
130.46
132.3
133.98
133.7
133.41
133.11
134.78
136.33
136.96
137.27
139.96
144.57
143.24
145.11
144.5
145.64
149.15
148.48
146.39
142.45
146.15
145.4
146.8
148.56
148.99
146.77
144.98
145.64
145.86
145.52
147.36
146.95
147.06
146.14
146.09
145.6
145.86
148.89
149.1
151.12
150.19
146.36
146.7
148.19
149.71
149.62
148.36
147.54
148.6
153.12
151.83
152.51
153.65
154.3
155.11
154.07
148.97
149.55
148.12
149.03
148.79
146.06
142.94
143.43
145.85
146.83
146.92
145.37
141.91
142.83
141.5
142.65
139.14
141.11
142.0
143.29
142.9
142.81
141.51
140.91
143.76
144.84
146.55
148.76
149.26
149.48
148.69
148.64
149.32
148.85
152.57
149.8
148.96
150.02
151.49
150.96
151.28
150.44
150.81
147.92
147.87
149.99
150.0
151.0
153.49
157.87
160.55
161.02
161.41
161.94
160.24
165.3
164.77
163.76
161.84
165.32
171.18
175.08
174.56
179.45
175.74
174.33
179.3
172.26
171.14
169.75
172.99
175.64
176.28
180.33
179.29
179.38
178.2
177.57
182.01
179.7
174.92
172.0
172.17
172.19
175.08
175.53
172.19
173.07
166.23
164.51
162.41
161.62
159.78
159.69
159.22
170.33
174.78
174.61
175.84
172.9
172.39
171.66
174.83
176.28
172.12
168.64
168.88
172.79
172.55
168.88
167.3
160.07
162.74
164.85
165.12
163.2
166.56
166.23
163.17
159.3
157.44
162.95
158.52
154.73
150.62
155.09
159.59
160.62
163.98
165.38
168.82
170.21
174.07
174.72
175.6
178.96
177.77
174.61
174.31
178.44
175.06
171.83
172.14
170.09
165.75
167.66
170.4
165.29
165.07
167.4
167.23
166.42
161.79
162.88
156.8
156.57
163.64
157.65
157.96
159.48
166.02
156.77
157.28
152.06
154.51
146.5
142.56
147.11
145.54
149.24
140.82
137.35
137.59
143.11
140.36
140.52
143.78
149.64
148.71
151.21
145.38
146.14
148.71
147.96
142.64
137.13
131.88
132.76
135.43
130.06
131.56
135.35
138.27
141.66
141.66
137.44
139.23
136.72
138.93
142.92
146.35
147.04
144.87
145.86
145.49
148.47
150.17
147.07
151.0
153.04
155.35
154.09
152.95
151.6
156.79
157.35
162.51
161.51
160.01
166.13
165.81
165.35
164.87
164.92
169.24
168.49
172.1
173.19
173.03
174.55
174.15
171.52
167.57
167.23
167.53
170.03
163.62
161.38
158.91
157.22
157.96
155.81
155.96
154.46
157.37
163.43
153.84
155.31
152.37
150.7
154.48
156.9
153.72
152.74
150.43
150.77
151.76
149.84
142.48
138.2
142.45
146.1
146.4
145.43
140.09
140.42
138.98
138.34
142.99
138.38
142.41
143.75
143.86
143.39
147.27
149.45
152.34
149.35
144.8
155.74
153.34
150.65
145.03
138.88
138.38
138.92
139.5
134.87
146.87
149.7
148.28
150.04
148.79
150.72
151.29
148.01
150.18
151.07
148.11
144.22
141.17
148.03
148.31
147.81
146.63
142.91
140.94
142.65
142.16
144.49
145.47
143.21
136.5
134.51
132.37
132.3
135.45
132.23
131.86
130.03
126.04
129.61
129.93
125.07
126.36
125.02
129.62
130.15
130.73
133.49
133.41
134.76
135.94
135.21
135.27
137.87
141.11
142.53
141.86
143.96
145.93
143.0
144.29
145.43
150.82
154.5
151.73
154.65
151.92
150.87
151.01
153.85
153.2
155.33
153.71
152.55
148.48
148.91
149.4
146.71
147.92
147.41
145.31
145.91
151.03
153.83
151.6
152.87
150.59
148.5
150.47
152.59
152.99
155.85
155.0
157.4
159.28
157.83
158.93
160.25
158.28
157.65
160.77
162.36
164.9
166.17
165.63
163.76
164.66
162.03
160.8
160.1
165.56
165.21
165.23
166.47
167.63
166.65
165.02
165.33
163.77
163.76
168.41
169.68
169.59
168.54
167.45
165.79
173.57
173.5
171.77
173.55
173.75
172.57
172.07
172.07
172.69
175.05
175.16
174.2
171.56
171.84
172.99
175.43
177.3
177.25
180.09
180.95
179.58
179.21
177.82
180.57
180.96
183.79
183.31
183.95
186.01
184.92
185.01
183.96
187.0
186.68
185.27
188.06
189.25
189.59
193.97
192.46
191.33
191.81
190.68
188.61
188.08
189.77
190.54
190.69
193.99
193.73
195.1
193.13
191.94
192.75
193.62
194.5
193.22
195.83
196.45
195.6
192.58
191.17
181.99
178.85
179.8
178.19
177.97
177.79
179.46
177.45
176.57
174.0
174.49
175.84
177.23
181.12
176.38
178.61
180.19
184.12
187.65
187.87
189.46
189.7
182.91
177.56
178.18
179.36
176.3
174.21
175.74
175.01
177.97
179.07
175.49
173.93
174.79
176.08
171.96
170.43
170.69
171.21
173.75
172.4
173.66
174.91
177.49
178.99
178.39
179.8
180.71
178.85
178.72
177.15
175.84
175.46
172.88
173.0
173.44
171.1
166.89
168.22
170.29
170.77
173.97
177.57
176.65
179.23
181.82
182.89
182.41
186.4
184.8
187.44
188.01
189.71
189.69
191.45
190.64
191.31
189.97
189.79
190.4
189.37
189.95
191.24
189.43
193.42
192.32
194.27
195.71
193.18
194.71
197.96
198.11
197.57
195.89
196.94
194.83
194.68
193.6
193.05
193.15
193.58
192.53
185.64
184.25
181.91
181.18
185.56
185.14
186.19
185.59
185.92
183.63
182.68
188.63
191.56
193.89
195.18
194.5
194.17
192.42
191.73
188.04
184.4
186.86
185.85
