6,967.00
7,343.10
7,759.10
8,155.70
8,059.60
7,842.40
8,187.10
8,111.40
8,829.20
8,818.30
8,726.90
8,913.10
8,732.60
8,678.50
8,405.10
8,439.90
8,866.60
9,377.30
9,298.90
9,507.30
9,349.10
9,296.60
9,193.90
9,611.80
9,772.00
9,818.60
9,854.10
10,229.50
10,317.70
10,235.10
10,333.00
10,158.40
9,609.40
9,602.40
9,684.50
9,662.70
9,317.20
8,800.30
8,818.60
8,697.50
8,904.80
8,761.40
8,757.90
9,060.30
9,134.80
7,933.00
7,891.20
7,935.10
4,826.00
5,584.30
5,030.00
5,261.10
5,361.40
6,172.00
6,205.30
6,468.90
6,744.60
6,678.90
6,725.10
6,373.40
6,391.00
6,412.50
6,638.50
6,800.50
6,735.90
7,332.30
7,185.20
7,361.20
7,289.00
6,841.30
6,850.90
6,629.10
7,085.60
7,035.80
6,833.50
6,842.50
7,112.90
7,488.50
7,503.80
7,766.00
7,746.90
8,770.90
8,629.00
8,821.60
8,874.70
9,001.00
9,151.40
9,979.80
9,806.20
8,579.80
8,813.80
9,298.70
9,778.40
9,318.00
9,730.70
9,773.30
9,512.30
9,059.00
9,169.70
9,199.10
9,572.20
9,424.80
10,189.30
9,527.60
9,667.20
9,794.40
9,631.20
9,777.90
9,768.80
9,878.80
9,283.20
9,466.60
9,425.40
9,523.50
9,464.60
9,388.10
9,314.00
9,683.70
9,624.60
9,302.00
9,247.50
9,160.00
9,185.40
9,135.40
9,229.90
9,085.10
9,256.00
9,429.90
9,235.70
9,285.10
9,243.60
9,253.40
9,198.70
9,135.30
9,155.80
9,162.40
9,387.30
9,513.70
9,599.60
9,546.40
11,022.80
10,908.50
11,105.90
11,096.20
11,333.40
11,224.40
11,184.70
11,735.10
11,757.10
11,592.00
11,889.20
11,390.40
11,557.20
11,770.90
11,750.80
12,282.60
11,947.60
11,750.20
11,856.90
11,529.20
11,753.50
11,324.80
11,462.30
11,327.40
11,527.40
11,644.20
11,914.90
11,413.30
10,168.80
10,472.50
10,224.60
10,339.70
10,390.20
10,675.30
10,785.30
10,949.50
10,941.30
10,933.00
10,416.80
10,531.50
10,237.30
10,739.40
10,688.80
10,693.20
10,840.90
10,776.10
10,620.50
10,572.30
10,789.50
10,602.60
10,670.90
10,924.10
11,054.20
11,533.90
11,423.80
11,420.40
11,503.00
11,322.00
11,753.40
11,913.50
12,808.70
12,974.60
12,934.10
13,061.60
13,657.80
13,278.90
13,457.20
13,559.90
13,561.40
14,019.90
14,145.60
15,587.10
15,577.90
15,327.20
15,303.60
15,695.80
16,294.70
16,324.20
16,715.80
17,662.30
17,774.60
17,803.50
18,675.20
18,379.60
19,152.60
18,723.00
19,698.10
18,770.70
19,218.80
19,433.30
18,658.10
19,170.70
18,326.60
18,546.00
18,247.20
18,023.60
19,273.80
19,434.90
21,352.20
22,825.40
23,127.90
22,728.50
23,823.20
23,257.90
23,736.50
27,057.80
27,376.00
28,868.70
28,949.40
32,022.60
33,991.50
36,793.20
39,460.20
40,599.30
35,544.30
34,076.10
37,382.20
39,175.70
36,845.80
35,476.30
30,842.10
33,000.50
32,252.30
32,502.10
30,404.00
33,374.80
34,301.80
33,515.70
35,485.20
37,646.80
36,982.10
38,297.60
46,395.70
46,508.60
44,836.00
47,990.70
47,371.70
52,079.20
51,582.20
55,906.60
54,111.80
48,911.20
49,697.50
46,928.50
46,345.60
49,595.50
48,424.20
50,395.10
48,428.00
48,792.50
52,311.00
54,879.00
55,851.90
57,799.50
57,265.10
55,791.30
56,889.70
58,913.50
57,656.00
58,088.00
54,158.30
54,452.50
52,325.40
51,322.30
55,036.10
57,616.20
58,771.30
58,763.70
58,718.30
58,993.40
57,996.30
55,948.70
58,077.40
58,118.70
59,863.80
63,540.90
62,980.40
63,216.00
61,379.70
55,646.10
56,483.20
53,820.20
51,729.50
51,143.60
54,020.50
55,036.50
54,841.40
53,560.80
57,720.30
57,169.80
53,741.50
57,441.30
56,405.40
57,337.20
55,848.90
56,695.70
49,384.20
49,704.60
49,839.80
43,541.30
42,897.30
36,720.50
40,717.20
37,297.40
38,750.60
38,378.30
39,249.20
38,417.30
35,662.50
37,555.80
39,187.30
36,851.30
33,578.00
33,382.90
37,332.20
36,649.40
37,314.60
40,529.40
40,156.10
38,336.00
38,052.00
35,749.40
31,692.00
32,496.40
33,674.30
34,665.80
31,594.00
34,475.90
35,834.70
35,026.90
33,543.60
33,813.40
33,867.80
32,866.30
33,797.40
33,113.00
32,728.10
32,820.70
31,840.50
31,394.00
30,837.20
29,793.80
32,131.40
32,298.90
33,603.30
37,276.60
39,452.00
40,003.20
40,001.40
42,203.40
39,168.40
38,130.30
39,736.90
40,867.20
42,795.40
46,284.30
45,593.80
45,564.30
44,403.40
47,809.10
45,996.30
44,691.60
44,723.80
46,755.90
49,324.00
49,539.70
47,714.70
48,994.50
46,831.60
49,064.30
46,992.70
47,130.40
48,819.40
49,274.30
49,999.00
46,061.40
46,385.60
44,842.80
44,949.50
47,077.50
48,130.60
47,748.00
47,282.80
42,870.60
40,651.30
43,551.60
44,869.20
42,819.90
42,172.60
41,022.30
41,536.80
43,823.30
48,146.00
49,227.30
51,469.30
55,323.20
53,783.90
53,914.70
57,477.30
56,015.90
57,380.10
57,345.80
61,672.50
62,056.30
64,278.50
65,979.10
62,210.20
60,690.30
63,067.00
60,310.80
58,438.10
60,582.50
62,242.80
60,915.30
63,221.70
62,918.50
61,412.60
60,974.30
67,527.90
66,904.40
64,932.60
64,806.70
64,134.50
63,597.90
60,089.10
60,367.80
56,955.30
58,083.40
56,308.80
57,573.20
57,171.70
57,794.80
56,882.90
57,210.30
56,496.00
53,631.50
50,562.10
50,595.20
50,473.90
47,596.60
47,137.20
46,703.60
48,366.50
48,871.50
47,628.20
46,172.20
46,895.20
48,902.00
48,599.70
50,801.00
50,678.20
47,545.20
46,461.70
47,123.30
46,219.50
46,430.20
45,837.30
43,425.90
43,097.50
41,546.70
41,832.20
42,733.20
43,901.00
42,560.00
43,073.30
41,677.80
40,715.90
36,475.50
36,686.30
36,950.60
36,800.40
37,164.30
37,745.10
38,498.60
38,709.70
36,890.20
37,287.80
41,567.60
43,833.90
44,038.20
44,388.90
43,521.00
42,388.40
42,550.30
44,544.40
43,883.60
40,552.80
40,000.10
37,224.60
38,339.20
39,209.60
43,188.20
44,420.30
43,912.80
42,463.00
39,142.70
38,024.80
38,744.80
41,929.00
39,416.30
38,730.20
39,671.10
39,285.70
41,118.70
40,914.80
41,767.80
41,022.00
42,373.00
42,912.00
44,013.00
44,331.00
47,105.00
47,449.00
47,075.00
45,525.00
46,297.00
46,629.00
45,506.00
43,173.00
43,448.00
42,275.00
39,497.00
40,078.00
41,133.00
39,936.00
40,803.00
41,503.00
41,368.00
40,482.00
39,709.00
40,427.00
38,113.00
39,243.00
39,748.00
38,581.00
38,514.00
37,718.00
39,688.00
36,544.00
36,009.00
30,095.00
31,007.50
29,068.20
28,976.00
29,284.40
29,849.00
30,437.50
28,683.70
30,305.90
29,178.60
29,093.30
29,648.70
29,540.60
29,203.50
28,601.20
29,798.50
30,455.50
29,700.90
31,367.60
31,128.80
30,201.60
30,097.80
29,083.30
22,448.00
22,157.30
22,577.90
20,386.60
20,444.60
19,965.80
21,100.70
21,226.90
20,730.20
20,278.00
20,111.30
19,926.60
19,262.90
20,561.10
21,637.80
21,611.20
19,963.20
19,330.90
20,250.00
20,586.00
20,825.10
22,525.80
23,410.20
23,215.20
23,153.00
22,675.20
21,301.90
21,248.70
22,958.30
23,850.00
23,774.30
23,271.20
22,988.60
22,820.80
22,612.10
23,308.20
23,816.30
23,146.70
23,962.90
23,935.30
24,398.70
24,101.70
23,856.80
23,338.00
23,203.60
20,831.30
21,416.30
21,517.20
21,365.20
21,565.40
20,249.90
20,295.80
19,792.60
20,043.90
20,126.10
19,952.70
19,281.50
19,317.40
21,365.20
22,395.30
20,175.50
20,222.50
19,701.70
19,802.40
19,538.90
18,872.40
18,489.00
19,404.00
19,293.50
19,225.70
19,081.00
19,411.00
19,593.00
19,423.00
19,628.30
20,340.20
20,157.50
19,956.70
19,531.30
19,134.60
19,059.10
19,154.80
19,379.80
19,181.80
19,548.20
19,328.20
19,123.90
19,042.90
19,162.60
19,331.50
20,082.70
20,769.50
20,292.90
20,594.40
20,496.30
20,483.50
20,154.40
20,206.40
21,145.90
20,589.00
18,527.40
15,886.90
17,589.10
17,049.90
16,613.70
16,895.10
16,540.50
16,691.20
16,638.30
15,776.20
16,212.90
16,623.90
16,512.30
16,211.70
16,440.40
17,163.90
16,972.00
17,093.60
16,966.50
17,089.30
16,835.20
17,225.70
17,125.70
17,210.40
17,778.60
17,796.40
17,356.10
16,629.60
16,441.30
16,902.80
16,831.80
16,820.60
16,779.10
16,706.10
16,546.20
16,636.40
16,607.20
16,674.20
16,852.10
16,829.80
16,950.90
17,180.10
17,439.10
17,942.30
18,851.30
19,927.00
21,137.10
20,670.60
21,081.20
22,677.20
22,915.50
22,632.50
23,055.10
23,016.00
23,074.60
22,832.20
23,125.10
23,725.60
23,427.60
23,431.20
22,761.80
23,251.70
22,964.60
21,792.50
21,635.00
21,772.60
22,198.50
24,327.90
23,539.60
24,573.50
24,450.70
24,186.60
23,936.30
23,191.50
23,494.10
23,130.50
23,642.20
23,465.40
22,354.40
22,410.00
22,197.80
21,710.80
20,361.80
20,156.70
24,114.40
24,699.70
24,282.70
25,004.10
27,391.80
27,720.50
28,114.00
27,261.70
28,310.70
27,462.20
27,129.80
27,262.20
28,350.40
28,029.50
28,473.70
27,802.10
28,164.40
28,173.50
28,036.70
29,641.00
30,209.60
29,886.40
30,387.40
30,472.50
29,434.90
30,382.20
28,813.70
28,240.50
27,264.80
27,509.30
28,298.80
28,424.60
29,475.90
29,321.80
28,077.60
28,669.10
29,023.60
28,842.10
29,513.20
27,670.50
27,634.90
27,603.30
26,983.50
26,799.20
27,183.90
27,035.30
27,403.10
26,828.00
26,882.90
26,847.30
27,220.70
26,328.40
26,475.80
26,711.50
27,698.20
27,216.10
26,819.00
27,244.70
25,747.40
27,230.20
26,342.50
26,501.10
26,479.30
25,906.80
25,929.40
25,129.50
25,591.30
26,341.30
28,307.70
29,996.90
29,890.50
30,679.40
30,267.00
30,689.10
30,078.60
30,445.70
30,472.90
31,151.30
30,512.80
29,913.10
30,346.40
30,415.30
30,623.30
30,387.30
31,466.10
30,317.40
30,139.70
29,866.80
29,909.70
29,801.00
29,903.10
29,178.10
29,228.60
29,352.20
29,222.70
29,315.00
29,232.40
29,712.20
29,173.70
29,189.30
29,105.50
29,204.20
29,777.40
29,578.00
29,449.00
29,420.80
29,426.70
29,195.30
28,726.30
26,635.70
26,053.20
26,126.00
26,039.90
26,436.20
26,177.00
26,057.20
26,118.90
27,723.90
27,298.80
25,937.30
25,803.20
25,790.20
25,758.00
26,249.80
25,909.50
25,166.40
25,834.50
26,223.00
26,524.70
26,601.00
26,763.50
27,209.20
27,125.00
26,570.00
26,581.90
26,302.70
26,218.90
26,366.10
27,022.60
26,909.80
27,505.30
27,428.40
27,790.90
27,410.30
27,936.90
27,581.40
27,391.00
26,876.60
26,761.10
26,863.50
28,509.70
28,403.60
28,321.70
28,723.00
29,674.50
33,041.80
33,917.00
34,496.80
34,153.70
33,901.80
34,477.90
34,650.60
35,423.80
34,931.40
34,718.70
35,042.00
35,426.10
35,636.90
36,700.50
37,303.00
36,478.30
35,549.30
37,874.90
36,161.20
36,595.40
37,454.10
35,813.60
37,410.80
37,717.30
37,248.60
37,823.30
37,855.50
37,712.90
38,688.20
41,987.80
44,076.20
43,776.30
43,289.70
44,175.50
41,256.10
41,487.00
42,884.50
43,025.90
41,929.00
42,659.70
42,259.30
43,662.80
43,865.90
43,968.90
42,513.30
43,446.50
42,581.10
42,072.40
44,943.70
42,836.10
44,157.00
44,156.90
46,962.20
46,129.00
46,629.30
46,348.20
42,835.90
43,145.50
42,768.70
41,292.70
41,648.00
39,556.40
39,888.80
40,086.00
39,935.70
41,811.30
43,299.80
42,946.20
42,580.50
43,081.40
43,194.70
