2.825
2.787
2.79
2.7935
2.812
2.802
2.8135
2.861
2.8735
2.866
2.847
2.8455
2.7935
2.765
2.726
2.684
2.5965
2.5795
2.554
2.5275
2.52
2.5105
2.5455
2.5785
2.5965
2.557
2.5545
2.5875
2.6055
2.6175
2.604
2.6085
2.6105
2.5925
2.6125
2.5815
2.5805
2.5735
2.5715
2.54
2.595
2.573
2.586
2.573
2.5605
2.5105
2.5215
2.502
2.4725
2.464
2.3925
2.3135
2.151
2.1855
2.1715
2.1005
2.18
2.204
2.178
2.172
2.1605
2.232
2.179
2.222
2.1955
2.221
2.277
2.2665
2.268
2.3125
2.338
2.304
2.302
2.354
2.328
2.249
2.3015
2.3145
2.3375
2.3475
2.348
2.3705
2.344
2.312
2.3125
2.3325
2.347
2.3805
2.406
2.38
2.359
2.346
2.346
2.3305
2.404
2.418
2.46
2.432
2.3865
2.382
2.4215
2.4345
2.478
2.4985
2.495
2.4965
2.563
2.574
2.607
2.6655
2.5955
2.6105
2.5785
2.577
2.601
2.6015
2.621
2.6575
2.664
2.654
2.6725
2.6715
2.6925
2.7285
2.734
2.7485
2.797
2.824
2.8385
2.8975
2.955
2.9325
2.885
2.9015
2.9045
2.9155
2.958
2.9245
2.9385
2.8925
2.8975
2.9175
2.919
2.922
2.877
2.9205
2.903
2.925
2.919
2.802
2.8705
2.884
2.899
2.816
2.868
2.909
2.9805
3.028
2.981
2.924
2.9325
2.9415
2.9685
2.9755
3.012
3.0555
3.0225
3.015
2.9695
3.056
3.046
2.9925
3.036
3.065
3.061
3.0585
3.0685
3.114
3.0315
3.06
2.9925
2.9675
2.9715
2.988
2.99
3.0325
2.8655
2.9775
2.963
2.9635
3.033
3.042
3.0825
3.064
3.0445
3.0505
3.0855
3.0675
3.086
3.148
3.1985
3.1535
3.129
3.0895
3.0935
3.064
3.06
3.0515
3.081
3.0935
3.1095
3.1135
3.157
3.1595
3.1595
3.1375
3.148
3.1805
3.225
3.203
3.2035
3.2085
3.2975
3.265
3.3075
3.318
3.4335
3.48
3.4845
3.4865
3.521
3.514
3.4965
3.5105
3.5725
3.526
3.524
3.542
3.5575
3.6
3.63
3.5755
3.519
3.555
3.5615
3.57
3.5535
3.549
3.519
3.5545
3.6395
3.6505
3.696
3.6735
3.5645
3.6055
3.617
3.6645
3.602
3.6415
3.6475
3.626
3.6295
3.6195
3.5575
3.58
3.558
3.5455
3.5245
3.5655
3.555
3.627
3.6665
3.719
3.773
3.7735
3.7875
3.8235
3.905
4.077
4.1465
4.185
4.3015
4.2635
4.0925
4.113
4.222
4.142
3.9785
4.0755
4.093
4.0085
4.0325
4.139
4.14
4.1405
4.0715
4.119
4.108
4.113
4.1395
4.0795
4.064
3.978
4.068
4.0345
3.982
4.0
3.994
4.1395
4.118
4.0575
4.099
4.0445
4.0225
4.0365
4.1315
4.223
4.172
4.243
4.219
4.2845
4.278
4.34
4.443
4.487
4.498
4.4865
4.468
4.5285
4.5215
4.524
4.6025
4.7485
4.716
4.762
4.736
4.6905
4.6545
4.7115
4.7255
4.5765
4.568
4.481
4.5255
4.5065
4.5295
4.666
4.681
4.595
4.4665
4.5315
4.5295
4.559
4.5345
4.489
4.5415
4.531
4.3375
4.3885
4.1825
4.1615
4.1845
4.2245
4.3265
4.307
4.2905
4.28
4.2645
4.289
4.236
4.276
4.3225
4.2645
4.3455
4.316
4.307
4.2675
4.323
4.323
4.2015
4.263
4.272
4.3375
4.4
4.585
4.5445
4.482
4.5075
4.4655
4.418
4.3755
4.3215
4.334
4.339
4.282
4.346
4.36
4.35
4.3825
4.32
4.2015
4.117
4.0405
4.1255
4.221
4.26
4.27
4.252
4.3235
4.371
4.37
4.274
4.2995
4.331
4.2325
4.284
4.45
4.365
4.319
4.404
4.28
4.2445
4.1135
4.126
4.252
4.231
4.2845
4.291
4.2485
4.199
4.089
4.1885
4.2385
4.1925
4.1475
4.2435
4.2755
4.3665
4.3255
4.516
4.6315
4.7295
4.7255
4.703
4.7345
4.5585
4.498
4.528
4.486
4.3895
4.4275
4.359
4.379
4.3515
4.309
4.309
4.3355
4.3945
4.3725
4.323
4.398
4.447
4.4005
4.3545
4.268
4.305
4.4
4.3975
4.4235
4.4645
4.3415
4.2805
4.247
4.2995
4.266
4.3375
4.339
4.3925
4.332
4.285
4.2815
4.255
4.1805
4.3025
4.2925
4.29
4.3425
4.389
4.3895
4.4695
4.4295
4.41
4.3925
4.4635
4.4215
4.475
4.4135
4.3545
4.41
4.352
4.429
4.5765
4.546
4.4205
4.47
4.5825
4.524
4.4125
4.45
4.515
4.4235
4.3125
4.3265
4.4315
4.4935
4.472
4.49
4.4675
4.4645
4.602
4.658
4.5085
4.507
4.5345
4.5395
4.5265
4.524
4.4855
4.458
4.485
4.4545
4.5965
4.6655
4.7815
4.9375
4.731
4.71
4.5725
4.6525
4.6255
4.523
4.513
4.6005
4.702
4.7395
4.6885
4.6805
4.7495
4.726
4.6855
4.712
4.711
4.733
4.738
4.6785
4.7665
4.7885
4.7335
4.704
4.7365
4.655
4.7365
4.732
4.7365
4.8195
4.743
4.6865
4.734
4.6235
4.4975
4.489
4.4985
4.4555
4.4245
4.284
4.3025
4.353
4.309
4.2935
4.222
4.1845
4.2335
4.1265
4.1955
4.209
4.254
4.1935
4.29
4.2875
4.3555
4.3215
4.279
4.284
4.3315
4.3475
4.57
4.497
4.453
4.453
4.459
4.396
4.318
4.2345
4.19
4.195
4.141
4.045
3.967
3.7705
3.7655
3.7825
3.7965
3.7985
3.7295
3.62
3.4125
3.577
3.5275
3.431
3.291
3.326
3.213
3.2425
3.3575
3.3045
3.3395
3.3105
3.3605
3.375
3.4065
3.449
3.497
3.5875
3.559
3.5335
3.4845
3.503
3.575
3.6065
3.6065
3.6665
3.7215
3.6855
3.634
3.6375
3.5965
3.6405
3.6765
3.6565
3.692
3.651
3.6965
3.6985
3.614
3.556
3.517
3.405
3.409
3.4265
3.522
3.5615
3.603
3.548
3.5135
3.48
3.505
3.5045
3.4955
3.4585
3.4615
3.337
3.2855
3.2755
3.347
3.403
3.394
3.3915
3.4705
3.483
3.429
3.3685
3.4115
3.4455
3.408
3.423
3.4045
3.401
3.351
3.311
3.4015
3.4565
3.417
3.3845
3.5245
3.5025
3.4135
3.3575
3.457
3.4545
3.4165
3.6735
3.6005
3.676
3.691
3.7495
3.901
3.8275
3.8195
3.7735
3.694
3.6415
3.576
3.6165
3.62
3.633
3.6165
3.6395
3.738
3.8175
3.8505
3.795
3.818
3.8605
3.8835
3.8785
3.8005
3.842
3.878
3.763
3.7615
3.783
3.799
3.81
3.757
3.809
3.8405
3.8425
3.8265
3.813
3.7665
3.7405
3.821
3.911
4.0265
4.0775
4.166
4.1965
4.216
4.223
4.2345
4.2315
4.2515
4.2565
4.2485
4.2445
4.2675
4.2225
4.202
4.226
4.111
4.091
4.0565
4.035
4.0805
4.0355
4.097
4.0165
4.0575
4.075
4.0105
4.1355
4.1085
4.2255
4.1905
4.059
3.952
4.011
4.0895
4.16
4.076
4.067
4.0885
3.975
4.027
4.039
4.0305
4.0535
4.003
3.843
3.8645
3.8925
3.9515
3.994
4.0445
4.1235
4.075
4.0785
4.0855
4.0865
4.0915
4.0945
4.0455
3.971
3.9865
4.0155
3.9765
4.0195
4.081
4.124
4.1065
4.066
4.0965
4.081
4.0325
3.9865
3.9645
3.865
3.8615
3.884
3.8905
3.934
3.8625
3.845
3.863
3.883
3.9295
3.9015
3.841
3.71
3.7285
3.751
3.667
3.7545
3.6895
3.732
3.685
3.6545
3.5615
3.5825
3.6755
3.663
3.637
3.711
3.7275
3.768
3.7685
3.756
3.795
3.789
3.752
3.831
3.87
3.904
3.8985
3.8935
3.9105
3.9005
3.8155
3.8045
3.7885
3.7425
3.699
3.7595
3.794
3.7685
3.7345
3.782
3.7845
3.766
3.853
3.94
3.933
3.844
3.8295
3.814
3.8345
3.818
3.8555
3.9155
3.902
3.8755
3.9265
4.008
3.9085
3.8435
3.8995
3.8675
3.835
3.7665
3.7835
3.765
3.719
3.7255
3.6675
3.6575
3.6915
3.706
3.7465
3.7825
3.8305
3.7875
3.779
3.7855
3.8295
3.844
3.822
3.852
3.8485
3.786
3.762
3.7165
3.807
3.792
3.793
3.8215
3.801
3.779
3.747
3.776
3.696
3.696
3.67
3.649
3.6365
3.708
3.7375
3.6415
3.621
3.589
3.552
3.6275
3.646
3.634
3.612
3.591
3.571
3.582
3.5785
3.587
3.601
3.563
3.5865
3.624
3.591
3.5845
3.646
3.6585
3.649
3.649
3.6725
3.6815
3.719
3.679
3.638
3.6405
3.587
3.666
3.6835
3.7185
3.7025
3.7345
3.8335
3.8395
3.797
3.8205
3.789
3.8285
3.8255
3.8505
3.9315
3.8355
3.784
3.7345
3.7975
3.8305
3.7805
3.7875
3.7875
3.8925
3.8905
3.852
3.898
3.906
3.9175
3.905
3.902
3.956
3.9245
3.8915
3.8805
3.8615
3.844
3.806
3.81
3.7585
3.781
3.7765
3.7405
3.7665
3.733
3.745
3.7865
3.7635
3.7935
3.886
3.869
3.852
3.879
3.911
3.906
3.8535
3.8215
