61.18
63.05
63.27
62.7
59.61
59.56
59.04
58.08
58.23
57.81
58.52
58.54
58.34
56.74
55.59
54.19
53.14
53.48
53.33
52.14
51.56
50.11
49.61
50.75
50.95
50.32
49.57
49.94
51.17
51.42
52.05
52.05
53.29
53.78
53.38
51.43
49.9
48.73
47.09
44.76
46.75
47.18
46.78
45.9
41.28
31.13
34.36
32.98
31.5
31.73
28.7
26.95
20.37
25.22
22.43
23.36
24.01
24.49
22.6
21.51
20.09
20.48
20.31
25.32
28.34
26.08
23.63
25.09
22.76
22.41
20.11
19.87
19.87
18.27
-37.63
10.01
13.78
16.5
16.94
12.78
12.34
15.06
18.84
19.78
20.39
24.56
23.99
23.55
24.74
24.14
25.78
25.29
27.56
29.43
31.82
32.5
33.49
33.92
33.25
32.81
33.71
35.49
35.44
36.81
37.29
37.41
39.55
38.19
38.94
39.6
36.34
36.26
37.12
38.38
37.96
38.84
39.75
40.46
40.37
38.01
38.72
38.49
39.7
39.27
39.82
40.65
40.62
40.9
39.62
40.55
40.1
40.29
41.2
40.75
40.59
40.81
41.96
41.9
41.07
41.29
41.6
41.04
41.27
39.92
40.27
41.01
41.7
42.19
41.95
41.22
41.94
41.61
42.67
42.24
42.01
42.89
42.89
42.93
42.58
42.34
42.62
43.35
43.39
43.04
42.97
42.61
42.76
41.51
41.37
39.77
38.05
37.3
37.33
37.26
38.28
40.16
40.97
41.11
39.31
39.6
39.93
40.31
40.25
40.6
39.29
40.22
38.72
37.05
39.22
40.67
39.95
41.19
40.6
39.43
40.2
41.04
40.96
40.88
40.83
41.46
40.03
40.64
39.85
38.56
39.57
37.39
36.17
35.79
36.81
37.66
39.15
38.79
37.14
40.29
41.36
41.45
41.12
40.13
41.34
41.43
41.82
41.74
42.15
43.06
44.91
45.71
45.34
44.55
45.28
45.64
46.26
45.76
45.6
45.52
46.78
46.57
46.99
47.62
47.82
48.36
49.1
47.74
47.02
48.12
48.23
47.62
48.0
48.4
48.52
47.62
49.93
50.63
50.83
52.24
52.25
53.21
52.91
53.57
52.36
53.24
53.13
52.27
52.77
52.61
52.85
52.34
52.2
53.55
54.76
55.69
56.23
56.85
57.97
58.36
58.68
58.24
59.47
61.14
60.52
59.24
61.49
61.67
63.22
63.53
61.5
60.64
59.75
61.28
63.83
66.09
65.05
64.01
64.44
66.02
65.61
65.39
64.8
64.6
60.0
61.42
61.55
57.76
61.18
58.56
60.97
61.56
60.55
59.16
61.45
58.65
59.33
59.77
59.6
59.32
59.7
60.18
63.15
63.46
63.13
63.38
62.44
61.35
61.43
62.14
61.91
62.94
63.86
65.01
63.58
64.49
65.69
65.63
64.71
64.9
64.92
65.28
66.08
63.82
65.37
66.27
65.49
63.36
62.05
63.58
66.05
66.07
66.21
66.85
66.32
68.83
68.81
69.62
69.23
70.05
69.96
70.29
70.91
70.88
72.12
72.15
71.04
71.64
73.66
73.06
73.08
73.3
74.05
72.91
72.98
73.47
75.23
75.16
72.2
72.94
74.56
74.1
75.25
73.13
71.65
71.81
66.42
67.42
70.3
71.91
72.07
71.91
71.65
72.39
73.62
73.95
71.26
70.56
68.15
69.09
68.28
66.48
68.29
69.25
69.09
68.44
67.29
66.59
65.46
63.69
62.32
65.64
67.54
68.36
67.42
68.74
69.21
68.5
68.59
69.99
69.29
69.3
68.14
69.72
70.45
70.46
72.61
72.61
71.97
70.29
70.56
72.23
73.3
73.98
75.45
75.29
74.83
75.03
75.88
77.62
78.93
77.43
78.3
79.35
80.52
80.64
80.44
81.31
82.28
82.44
82.96
83.87
82.5
83.76
83.76
84.65
82.66
82.81
83.57
84.05
83.91
80.86
78.81
81.27
81.93
84.15
81.34
81.59
80.79
80.88
80.76
78.36
79.01
76.1
76.75
78.5
78.39
69.95
66.18
65.57
66.5
66.26
69.49
72.05
72.36
70.94
71.67
71.29
70.73
70.87
72.38
70.86
68.23
71.12
72.76
73.79
75.57
75.98
76.56
76.99
75.21
76.08
76.99
77.85
79.46
78.9
78.23
81.22
82.64
82.12
83.82
86.96
86.9
85.14
83.31
85.6
87.35
86.61
86.82
88.15
88.2
88.26
90.27
92.31
91.32
89.36
89.66
89.88
93.1
95.46
92.07
93.66
91.76
91.07
92.1
92.81
91.59
95.72
103.41
110.6
107.67
115.68
119.4
123.7
108.7
106.02
109.33
103.01
96.44
95.04
102.98
104.7
112.12
111.76
114.93
112.34
113.9
105.96
104.24
107.82
100.28
99.27
103.28
101.96
96.23
96.03
98.26
94.29
100.6
104.25
106.95
108.21
102.56
102.75
103.79
102.07
98.54
101.7
102.02
105.36
104.69
105.17
102.41
107.81
108.26
109.77
103.09
99.76
105.71
106.13
110.49
114.2
112.4
109.59
112.21
113.23
110.29
109.77
110.33
114.09
115.07
115.26
116.87
118.87
118.5
119.41
122.11
121.51
120.67
120.93
118.93
115.31
117.59
109.56
106.19
104.27
107.62
109.57
111.76
109.78
105.76
108.43
98.53
102.73
104.79
104.09
95.84
96.3
95.78
97.59
102.6
104.22
102.26
96.35
94.7
96.7
94.98
97.26
96.42
98.62
93.89
94.42
90.66
88.54
89.01
90.76
90.5
91.93
94.34
92.09
89.41
86.53
88.11
90.5
90.77
90.23
93.74
94.89
92.52
93.06
97.01
91.64
89.55
86.61
86.87
81.94
83.54
86.79
87.78
87.31
88.48
85.1
85.11
85.73
84.45
82.94
83.49
78.74
76.71
78.5
82.15
81.23
79.49
83.63
86.52
87.76
88.45
92.64
91.13
89.35
87.27
89.11
85.61
85.46
82.82
85.55
85.98
85.05
84.58
85.32
87.91
89.08
87.9
86.53
88.37
90.0
88.17
92.61
91.79
88.91
85.83
86.47
88.96
85.87
86.92
85.59
81.64
80.08
79.73
80.95
77.94
76.28
77.24
78.2
80.56
81.33
80.3
77.4
74.47
72.58
72.06
71.5
73.44
75.19
77.27
76.25
74.45
75.89
76.23
78.24
78.45
79.34
79.77
78.6
78.61
80.47
77.12
73.1
73.92
74.04
74.92
75.37
77.68
78.65
80.11
80.45
79.8
80.61
81.64
81.62
80.13
80.15
81.01
79.68
77.9
78.87
76.41
75.88
73.39
74.11
77.14
78.47
78.06
79.72
80.14
79.06
78.59
78.49
76.34
76.16
73.95
75.39
76.32
75.68
77.05
77.69
78.16
79.68
80.46
77.58
76.66
75.72
76.68
74.8
71.33
67.61
68.35
66.74
67.64
69.33
70.9
69.96
69.26
72.81
73.2
72.97
74.37
75.67
80.42
80.71
80.61
80.7
79.74
81.53
83.26
82.16
82.52
80.83
80.86
79.16
77.29
77.87
78.76
77.07
74.3
74.76
76.78
75.66
71.66
68.6
68.56
71.34
73.16
73.71
72.56
70.87
70.04
71.11
70.86
72.83
71.86
71.55
71.99
72.91
74.34
71.83
72.67
69.46
68.09
70.1
71.74
72.15
71.74
72.53
71.29
70.17
67.12
69.42
68.27
70.62
71.78
70.5
72.53
69.51
69.16
69.37
67.7
69.56
69.86
70.64
69.79
71.79
71.8
73.86
72.99
74.83
75.75
76.89
75.42
74.15
75.75
75.35
75.63
77.07
78.74
79.63
78.78
80.09
80.58
81.8
81.37
79.49
81.55
82.82
81.94
82.92
84.4
82.82
83.19
82.51
80.99
79.38
80.39
81.25
80.72
80.35
78.89
79.05
79.83
80.1
81.16
81.63
83.63
85.55
86.69
87.54
86.87
87.51
87.29
88.84
88.52
90.16
90.77
91.48
91.2
90.28
89.63
90.03
89.68
90.39
93.68
91.71
90.79
88.82
89.23
84.22
82.31
82.79
86.38
85.97
83.49
82.91
87.69
86.66
86.66
88.32
89.37
88.75
85.49
83.74
85.39
83.21
85.54
82.31
81.02
80.44
82.46
80.51
80.82
77.37
75.33
75.74
77.17
78.26
78.26
76.66
72.9
75.89
77.6
77.77
77.1
75.54
74.86
76.41
77.86
75.96
74.07
73.04
72.32
69.38
69.34
71.23
71.32
68.61
69.47
71.58
71.43
72.47
73.44
74.22
73.89
73.56
75.57
74.11
71.77
71.65
70.38
72.7
72.19
73.81
70.77
72.24
71.37
72.02
72.68
72.4
72.56
74.08
73.41
75.19
74.37
75.09
77.36
78.01
76.78
77.82
75.85
73.82
72.28
