127.19
134.27
144.08
143.04
140.81
137.92
144.81
143.6
166.07
166.45
164.36
170.22
169.41
168.13
162.8
162.55
170.27
175.74
173.86
184.59
179.91
189.79
188.93
203.83
213.16
223.51
222.95
236.76
265.58
268.75
285.25
282.26
259.12
257.39
265.11
265.65
246.96
224.3
227.53
226.93
231.87
223.94
224.38
228.45
244.9
202.85
200.56
194.58
107.9
133.99
111.02
116.06
117.77
135.43
133.32
136.02
138.62
136.07
138.38
131.74
132.15
132.86
135.66
141.3
141.14
171.06
164.71
173.0
169.68
156.38
158.45
152.9
172.31
170.63
170.4
170.79
182.72
185.46
187.58
196.14
196.55
215.4
206.22
212.0
206.61
205.36
199.04
212.0
211.45
185.96
189.84
199.58
203.3
194.85
214.87
214.51
209.99
198.75
207.35
208.18
220.18
220.66
247.97
237.94
244.52
243.37
240.23
246.18
243.82
247.78
230.71
237.54
230.93
235.36
233.88
231.34
229.11
243.25
243.2
234.75
232.56
229.67
227.87
225.63
230.95
226.42
239.25
246.99
242.02
241.26
239.73
240.5
238.62
233.65
232.75
236.1
245.53
263.28
275.34
279.33
321.8
316.96
317.82
334.87
346.51
385.8
389.62
400.79
394.83
379.57
395.53
379.01
387.12
424.31
438.03
430.56
422.16
407.44
416.05
387.99
407.7
383.2
385.96
383.11
395.11
433.9
475.8
439.08
381.97
385.94
351.1
367.92
373.72
376.7
364.01
364.88
388.97
384.2
341.3
344.03
319.95
349.17
351.63
354.08
359.86
359.39
353.07
345.68
353.28
340.61
341.48
350.83
365.28
386.68
381.23
379.15
377.45
365.17
379.19
368.35
391.2
414.05
408.52
394.11
403.15
388.14
386.76
382.41
383.53
387.92
402.19
416.63
455.72
444.33
450.22
463.33
462.56
476.29
460.43
481.95
478.52
471.21
509.98
609.22
605.03
569.67
615.92
585.66
598.05
616.32
567.91
591.09
555.05
573.21
558.13
544.17
586.19
588.91
637.38
643.17
653.85
607.85
637.47
585.69
612.34
730.05
731.76
751.8
735.94
1042.4
1099.52
1207.77
1224.35
1215.73
1091.47
1050.19
1128.46
1226.17
1171.68
1377.53
1117.33
1234.58
1317.9
1366.27
1247.62
1328.47
1379.3
1373.4
1511.36
1664.34
1594.0
1719.2
1750.18
1770.63
1742.09
1786.35
1841.02
1847.95
1934.16
1955.59
1777.28
1578.11
1623.71
1476.15
1445.44
1570.03
1488.62
1571.05
1538.61
1530.29
1831.49
1869.1
1794.14
1825.79
1766.9
1792.38
1804.85
1823.35
1776.08
1809.64
1682.37
1667.9
1582.38
1586.54
1698.6
1816.69
1841.01
1917.99
1967.96
2106.41
2111.53
1961.46
2079.92
2066.93
2137.81
2299.93
2431.56
2514.22
2423.18
2160.63
2332.14
2360.81
2401.1
2367.31
2533.12
2665.24
2746.54
2757.36
2772.78
3429.37
3286.71
3522.76
3489.52
3481.22
3947.9
4167.78
3811.77
3719.62
4075.38
3279.68
3377.55
2435.69
2777.55
2433.11
2646.79
2705.09
2884.66
2735.88
2414.29
2706.1
2853.35
2686.5
2592.63
2510.65
2606.23
2469.97
2351.45
2581.48
2543.83
2367.28
2371.62
2229.53
1891.18
1876.66
1968.39
1989.14
1810.57
2083.09
2158.71
2273.84
2109.11
2154.78
2316.57
2120.22
2145.89
2035.09
1940.72
1994.64
1917.21
1878.2
1818.07
1786.07
1994.49
2024.58
2123.61
2229.53
2300.22
2299.11
2380.93
2460.95
2608.04
2506.65
2725.29
2827.21
2889.43
3162.93
3140.71
3163.66
3043.61
3322.43
3147.65
3014.58
3016.91
3184.82
3284.21
3319.49
3173.26
3228.15
3093.54
3273.58
3225.67
3430.74
3832.73
3786.19
3936.29
3495.1
3423.51
3207.27
3284.52
3428.87
3611.9
3569.43
3398.65
2976.05
2761.52
3077.78
3152.92
2928.57
2926.24
2807.28
2851.5
3000.59
3309.13
3382.9
3517.26
3575.41
3586.0
3559.42
3545.06
3489.9
3607.28
3790.41
3866.9
3747.6
3876.78
4159.89
4054.16
3970.94
4219.92
4129.51
3921.93
4284.9
4413.7
4320.85
4586.06
4602.21
4535.11
4475.0
4808.38
4731.83
4634.03
4720.87
4667.31
4562.98
4208.16
4290.88
4001.87
4295.43
4086.95
4340.23
4273.54
4443.22
4628.9
4583.28
4512.9
4219.3
4353.31
4307.08
4435.74
4107.69
3903.48
3781.94
3861.55
4019.24
3956.62
3878.29
3938.8
4016.59
3979.54
4110.14
4036.24
3791.69
3627.93
3709.57
3677.85
3764.24
3789.52
3535.86
3407.77
3195.31
3085.43
3237.89
3370.89
3238.03
3307.9
3083.65
3004.72
2571.29
2441.01
2458.07
2461.41
2424.66
2545.95
2686.82
2787.16
2681.0
2692.8
2994.99
3140.18
3115.88
3243.62
3071.83
2927.63
2929.31
3182.27
3118.9
2894.03
2779.56
2578.15
2596.52
2767.53
2922.5
2975.81
2947.14
2834.91
2622.15
2492.53
2577.21
2726.94
2606.5
2556.96
2589.3
2617.43
2773.94
2812.29
2939.76
2891.63
2969.64
3036.12
3109.25
3103.51
3329.38
3401.89
3385.64
3282.35
3456.18
3520.41
3406.78
3169.58
3228.84
3193.93
2978.29
3027.25
3116.92
3021.93
3055.64
3102.01
3076.38
2983.95
2963.0
3006.04
2810.42
2888.99
2937.01
2816.66
2856.01
2781.47
2940.7
2747.46
2692.88
2229.1
2342.3
2080.79
1955.36
2009.53
2022.93
2091.14
1912.12
2019.34
1959.85
1972.93
1979.35
1942.91
1793.42
1724.3
1818.07
1834.64
1775.29
1859.99
1813.72
1793.0
1788.06
1663.02
1206.67
1210.84
1237.92
1068.49
1086.47
1049.02
1144.19
1225.03
1190.84
1143.97
1099.51
1069.05
1058.94
1186.45
1238.15
1216.33
1096.43
1038.56
1115.83
1192.75
1231.03
1584.77
1543.5
1520.64
1575.68
1534.85
1438.52
1450.7
1636.01
1726.01
1720.77
1630.1
1631.48
1618.08
1606.94
1737.71
1778.42
1702.8
1853.46
1880.28
1957.63
1900.25
1876.7
1834.18
1846.51
1609.48
1626.75
1664.89
1656.64
1695.37
1508.08
1552.6
1523.34
1555.12
1585.48
1575.34
1629.51
1634.85
1718.81
1716.42
1574.47
1637.92
1472.64
1434.01
1376.0
1323.33
1247.74
1326.44
1327.96
1337.06
1328.23
1337.37
1336.08
1328.73
1323.41
1361.48
1352.07
1352.27
1330.99
1290.04
1279.97
1294.57
1287.34
1296.74
1331.12
1310.81
1285.32
1282.87
1299.76
1343.88
1459.6
1566.16
1514.19
1554.47
1572.89
1579.64
1519.04
1531.08
1645.01
1567.57
1335.25
1100.84
1299.15
1288.63
1242.64
1253.45
1206.16
1205.17
1207.31
1107.46
1139.74
1185.79
1198.12
1167.73
1216.55
1294.41
1276.05
1295.69
1259.56
1271.26
1231.04
1280.29
1262.86
1275.02
1320.76
1307.3
1266.32
1166.7
1167.8
1217.2
1213.85
1217.57
1220.03
1211.6
1189.98
1200.84
1199.8
1214.57
1256.92
1250.95
1269.14
1320.51
1335.13
1389.84
1416.08
1450.86
1564.67
1511.31
1551.62
1659.98
1626.53
1556.15
1611.2
1602.55
1597.6
1566.5
1585.27
1642.1
1641.71
1663.79
1613.72
1671.4
1650.99
1545.35
1513.82
1505.84
1555.46
1675.43
1640.66
1693.96
1659.41
1643.39
1650.52
1608.24
1633.66
1604.69
1666.09
1647.38
1568.89
1565.84
1561.78
1533.04
1438.5
1426.75
1673.93
1700.15
1649.65
1673.85
1789.38
1732.31
1803.54
1734.48
1814.08
1749.26
1714.65
1772.63
1793.27
1793.59
1821.62
1810.77
1870.52
1908.96
1872.35
1910.36
1889.86
1916.58
2012.11
2099.98
2074.74
2103.34
1935.97
1942.72
1849.81
1841.88
1865.95
1866.05
1908.81
1891.14
1830.75
1869.74
1904.74
1877.06
1993.33
1847.48
1846.56
1840.92
1794.71
1807.31
1817.11
1823.98
1821.73
1800.99
1812.32
1817.19
1854.08
1799.91
1805.69
1827.8
1900.59
1873.63
1861.77
1907.1
1811.2
1884.17
1832.1
1845.68
1840.41
1742.6
1739.6
1650.96
1666.96
1717.92
1791.61
1889.87
1872.32
1891.97
1859.0
1889.51
1827.95
1851.92
1933.8
1955.56
1910.43
1848.36
1870.92
1880.42
1878.33
1871.86
2004.77
1938.05
1911.24
1897.58
1888.65
1891.23
1891.75
1850.04
1857.67
1872.0
1861.32
1874.23
1856.17
1874.21
1840.21
1835.98
1830.24
1829.11
1856.24
1855.36
1852.46
1848.88
1845.51
1828.98
1807.81
1683.89
1661.26
1667.6
1634.29
1679.93
1660.89
1653.74
1653.22
1729.69
1705.22
1645.82
1629.0
1634.46
1633.18
1648.09
1636.45
1551.89
1592.5
1607.63
1626.49
1641.31
1636.92
1643.08
1622.28
1584.03
1593.1
1588.62
1594.04
1598.49
1652.89
1667.72
1662.79
1656.88
1647.05
1611.58
1645.62
1579.74
1567.6
1566.88
1539.7
1552.17
1599.48
1564.99
1563.43
1566.79
1603.89
1763.75
1784.88
1787.0
1803.13
1779.54
1809.05
1815.13
1846.6
1800.27
1832.29
1900.98
1885.97
1889.29
2120.16
2077.78
2054.18
1979.1
2058.93
1961.76
1960.8
2021.49
1934.62
2063.05
2080.62
2027.51
2048.47
2028.99
2051.56
2087.21
2243.54
2293.34
2233.45
2355.8
2358.42
2225.34
2203.49
2260.18
2315.64
2220.41
2218.8
2177.44
2202.19
2239.62
2324.23
2230.74
2378.63
2344.47
2299.24
2355.27
2209.49
2267.27
2268.12
2330.98
2344.67
2581.79
2618.08
2523.98
2588.64
2531.26
2469.77
2491.81
2313.64
2243.74
2234.64
2217.71
2267.55
2317.79
2343.11
2283.14
2304.28
2309.28
