1528.1
1552.4
1568.8
1574.3
1560.2
1554.3
1560.1
1550.6
1544.6
1554.0
1550.5
1560.3
1560.8
1556.7
1565.4
1571.9
1577.4
1569.8
1570.4
1589.2
1587.9
1582.4
1555.5
1562.8
1570.0
1573.4
1579.5
1570.1
1571.6
1578.8
1586.4
1603.6
1611.8
1620.5
1648.8
1676.6
1650.0
1643.1
1642.5
1566.7
1594.8
1644.4
1643.0
1668.0
1672.4
1675.7
1660.3
1642.3
1590.3
1516.7
1486.5
1525.8
1477.9
1479.3
1484.6
1567.6
1660.8
1633.4
1651.2
1654.1
1643.2
1596.6
1591.4
1637.7
1645.7
1693.9
1683.7
1684.3
1752.8
1761.4
1768.9
1740.2
1731.7
1698.8
1711.2
1687.8
1738.3
1745.4
1735.6
1723.8
1722.2
1713.4
1694.2
1700.9
1713.3
1710.6
1688.5
1725.8
1713.9
1698.0
1706.8
1716.4
1740.9
1756.3
1734.4
1745.6
1752.1
1721.9
1735.5
1710.7
1728.3
1751.7
1750.3
1734.0
1704.8
1727.4
1683.0
1705.1
1721.9
1720.7
1739.8
1737.3
1727.2
1736.5
1735.6
1731.1
1753.0
1766.4
1782.0
1775.1
1770.6
1780.3
1781.2
1800.5
1779.9
1790.0
1809.9
1820.6
1803.8
1801.9
1814.1
1813.4
1813.8
1800.3
1810.0
1817.4
1843.9
1865.1
1890.0
1897.5
1931.0
1944.6
1953.4
1966.8
1985.9
1986.3
2021.0
2049.3
2069.4
2028.0
2039.7
1946.3
1949.0
1970.4
1949.8
1998.7
2013.1
1970.3
1946.5
1947.0
1939.2
1923.1
1952.5
1932.6
1974.9
1978.6
1978.9
1944.7
1937.8
1934.3
1954.9
1964.3
1947.9
1963.7
1966.2
1970.5
1949.9
1962.1
1910.6
1907.6
1868.4
1876.9
1866.3
1882.3
1903.2
1895.5
1916.3
1907.6
1920.1
1908.8
1890.8
1895.1
1926.2
1928.9
1894.6
1907.3
1908.9
1906.4
1911.7
1915.4
1929.5
1904.6
1905.2
1905.7
1911.9
1879.2
1868.0
1879.9
1892.5
1910.4
1896.2
1946.8
1951.7
1854.4
1876.4
1861.6
1873.3
1886.2
1887.8
1885.1
1873.9
1861.5
1872.4
1837.8
1804.6
1805.5
1780.9
1818.9
1830.2
1841.1
1840.0
1866.0
1874.9
1838.5
1837.4
1843.6
1832.1
1855.3
1859.1
1890.4
1888.9
1882.8
1870.3
1878.1
1883.2
1880.4
1882.9
1893.4
1895.1
1946.6
1954.4
1908.6
1913.6
1835.4
1850.8
1844.2
1854.9
1851.4
1829.9
1866.5
1865.9
1856.2
1855.2
1850.9
1844.9
1841.2
1850.3
1863.9
1833.4
1835.1
1791.2
1813.0
1834.2
1837.5
1842.7
1826.8
1823.2
1772.8
1775.0
1777.4
1808.4
1805.9
1797.9
1775.4
1728.8
1723.0
1733.6
1715.8
1700.7
1698.5
1678.0
1716.9
1721.8
1722.6
1719.8
1729.2
1730.9
1727.1
1732.5
1741.7
1738.1
1725.1
1733.2
1725.1
1732.3
1712.2
1686.0
1715.6
1728.4
1728.8
1743.0
1741.6
1758.2
1744.8
1732.7
1747.6
1736.3
1766.8
1780.2
1770.6
1778.4
1793.1
1782.0
1777.8
1780.1
1778.8
1773.9
1768.3
1767.7
1791.8
1776.0
1784.3
1815.7
1831.3
1837.6
1836.1
1822.8
1824.0
1838.1
1867.6
1868.0
1881.5
1881.9
1876.7
1884.5
1898.0
1901.2
1895.7
1905.3
1909.9
1873.3
1892.0
1898.8
1894.4
1895.5
1896.4
1879.6
1865.9
1856.4
1861.4
1774.8
1769.0
1782.9
1777.4
1783.4
1776.7
1777.8
1780.7
1763.6
1771.6
1776.8
1783.3
1802.1
1800.2
1810.6
1805.9
1809.9
1825.0
1829.0
1815.0
1809.2
1811.4
1803.4
1805.4
1801.8
1799.2
1799.8
1799.7
1835.8
1817.2
1822.2
1814.1
1814.5
1808.9
1763.1
1726.5
1731.7
1753.3
1751.8
1778.2
1789.8
1787.8
1784.4
1783.1
1784.0
1806.3
1808.5
1791.0
1795.2
1819.5
1812.2
1818.1
1816.0
1811.5
1833.7
1793.5
1800.0
1792.1
1794.4
1807.1
1794.8
1756.7
1751.4
1763.8
1778.2
1778.8
1749.8
1751.7
1752.0
1737.5
1722.9
1757.0
1758.4
1767.6
1760.9
1761.8
1759.2
1757.4
1755.7
1759.3
1794.7
1797.9
1768.3
1765.7
1770.5
1784.9
1781.9
1796.3
1806.8
1793.4
1798.8
1802.6
1783.9
1795.8
1789.4
1763.9
1793.5
1816.8
1828.0
1830.8
1848.3
1863.9
1868.5
1866.6
1854.1
1870.2
1861.4
1851.6
1806.3
1783.8
1784.3
1785.2
1776.5
1784.3
1762.7
1783.9
1779.5
1784.7
1785.5
1776.7
1784.8
1788.3
1772.3
1764.5
1798.2
1804.9
1794.6
1788.7
1802.2
1811.7
1808.8
1810.9
1805.8
1814.1
1828.6
1800.1
1814.6
1825.1
1789.2
1797.4
1798.8
1818.5
1827.3
1821.4
1816.5
1843.2
1842.6
1831.8
1841.7
1852.5
1829.7
1793.1
1786.6
1796.4
1801.5
1810.3
1804.1
1807.8
1821.8
1827.9
1836.6
1837.4
1842.1
1869.4
1856.2
1871.5
1902.0
1899.8
1910.4
1926.3
1887.6
1900.7
1943.8
1922.3
1935.9
1966.6
1995.9
2043.3
1988.2
2000.4
1985.0
1960.8
1929.7
1909.2
1943.2
1929.3
1929.5
1921.5
1937.3
1962.2
1954.2
1939.8
1912.2
1939.0
1954.0
1923.7
1934.0
1927.5
1923.1
1937.8
1945.6
1948.2
1976.1
1984.7
1974.9
1986.4
1959.0
1955.6
1948.2
1934.3
1896.0
1904.1
1888.7
1891.3
1911.7
1863.6
1870.6
1868.8
1875.7
1882.8
1858.6
1841.0
1853.7
1824.6
1808.2
1814.0
1818.9
1815.9
1841.2
1842.1
1847.8
1865.4
1846.3
1847.6
1857.3
1848.7
1871.4
1850.2
1843.7
1852.1
1856.5
1852.8
1875.5
1831.8
1813.5
1819.6
1849.9
1840.6
1838.4
1829.8
1830.3
1824.8
1821.2
1817.5
1807.3
1801.5
1736.5
1739.7
1742.3
1731.7
1724.8
1735.5
1705.8
1703.6
1710.2
1710.7
1700.2
1713.4
1727.4
1719.1
1717.7
1719.1
1769.2
1781.8
1787.7
1789.7
1776.4
1806.9
1791.2
1805.2
1812.3
1813.7
1807.2
1815.5
1798.1
1789.7
1776.7
1771.2
1762.9
1748.4
1761.2
1761.5
1771.4
1749.8
1749.7
1736.3
1726.2
1709.3
1722.6
1727.8
1720.2
1728.6
1740.6
1717.4
1709.1
1677.3
1683.5
1678.2
1671.1
1675.7
1681.1
1655.6
1633.4
1636.2
1670.0
1668.6
1672.0
1702.0
1730.5
1720.8
1720.8
1709.3
1675.2
1686.0
1677.5
1677.0
1648.9
1664.0
1655.8
1634.2
1636.8
1656.3
1654.1
1658.0
1669.2
1665.6
1644.8
1640.7
1649.7
1650.0
1630.9
1676.6
1680.5
1716.0
1713.7
1753.7
1769.4
1776.9
1776.8
1775.8
1763.0
1754.4
1739.6
1739.9
1745.6
1754.0
1740.3
1763.7
1759.9
1815.2
1809.6
1781.3
1782.4
1798.0
1801.5
1810.7
1792.3
1825.5
1818.7
1787.8
1800.2
1797.7
1825.4
1825.4
1795.3
1804.2
1823.1
1815.8
1826.0
1826.2
1846.1
1859.0
1840.6
1869.7
1877.8
1876.5
1878.9
1898.8
1921.7
1907.2
1907.0
1923.9
1928.2
1936.2
1943.1
1950.3
1937.6
1936.6
1922.9
1929.5
1927.8
1916.3
1862.9
1866.2
1871.7
1877.4
1866.2
1862.8
1851.9
1854.0
1834.2
1842.0
1840.4
1842.5
1833.3
1818.8
1809.2
1824.9
1836.7
1845.4
1840.5
1854.6
1854.6
1820.0
1818.6
1834.6
1867.2
1916.5
1910.9
1948.1
1939.7
1990.2
1999.7
1958.3
1966.6
2013.3
2001.7
1971.5
1973.5
1966.9
1980.3
1969.0
1983.9
2022.2
2020.9
2011.9
1989.1
2004.8
2010.9
2041.3
2002.2
1994.2
2010.3
1998.0
2009.8
1981.3
1990.6
1995.1
1986.9
1999.0
1999.1
1992.2
2023.3
2037.0
2055.7
2024.8
2033.2
2042.9
2037.1
2020.5
2019.8
2018.0
1988.4
1980.7
1956.5
1978.7
1974.8
1972.4
1962.8
1943.1
1963.1
1977.1
1982.1
1995.5
1969.6
1974.3
1981.5
1958.4
1978.6
1977.2
1969.7
1958.6
1968.9
1961.8
1962.2
1938.9
1936.1
1915.0
1921.0
1925.1
1915.1
1913.4
1917.9
1929.4
1929.5
1927.1
1915.4
1932.5
1931.0
1937.1
1961.7
1963.8
1964.4
1956.4
1980.8
1980.8
1970.9
1966.6
1981.6
1983.1
1989.7
1965.3
1999.9
2009.2
1978.8
1975.0
1968.8
1976.1
1970.0
1959.9
1950.6
1948.9
1946.6
1944.0
1935.2
1928.3
1915.2
1916.5
1923.0
1926.0
1948.1
1947.1
1939.9
1946.8
1965.1
1973.0
1965.9
1967.1
1952.6
1944.2
1942.5
1942.7
1947.2
1935.1
1932.5
1932.8
1946.2
1953.4
1953.7
1967.1
1939.6
1945.6
1936.6
1919.8
1890.9
1878.6
1866.1
1847.2
1841.5
1834.8
1831.8
1845.2
1864.3
1875.3
1887.3
1883.0
1941.5
1934.3
1935.7
1968.3
1980.5
1994.4
1978.2
1976.8
1985.5
1987.9
1989.0
2005.6
1994.3
1987.5
1993.5
1999.2
1988.6
1973.5
1957.8
1969.8
1937.7
1950.2
1966.5
1964.3
1987.3
1984.7
1990.7
2012.0
2003.4
2013.7
2023.1
2050.5
2067.1
2057.2
2089.7
2042.2
2036.3
2047.9
2046.4
2014.5
1993.7
1983.9
1988.1
2035.2
2026.0
2030.9
2042.6
2038.1
2041.8
2059.6
2060.4
2083.4
2083.5
2071.8
2073.4
2042.8
2050.0
2049.8
2033.5
2033.0
2037.5
2028.9
2061.1
2039.7
2015.9
2031.1
2038.5
2031.5
2035.2
2025.4
2027.1
2026.6
2034.9
2050.9
2067.4
2071.1
2053.7
