68.43
68.08
69.89
69.76
70.25
70.99
71.45
72.0
71.53
71.96
72.51
73.98
74.11
74.21
74.23
73.31
71.59
72.53
72.83
72.71
71.64
74.13
72.27
72.3
73.8
73.96
75.43
75.5
75.93
75.67
75.94
75.97
76.24
75.85
74.17
70.99
69.32
69.52
65.75
66.96
69.32
66.89
69.08
65.74
64.79
60.79
63.76
60.55
55.58
60.71
53.65
55.9
54.56
55.58
53.41
52.71
56.5
55.08
58.15
55.51
57.32
58.1
55.1
55.85
54.63
59.16
59.13
60.35
60.33
60.52
63.26
62.87
62.87
63.95
63.06
60.61
62.92
63.56
63.83
63.54
61.63
67.11
67.33
65.87
66.14
67.45
67.27
68.46
69.22
70.18
68.76
67.42
67.84
68.65
69.26
68.72
70.46
70.34
70.66
71.01
70.91
71.68
71.74
72.12
71.96
70.72
72.0
72.4
72.6
73.23
70.09
70.65
71.04
72.32
72.63
71.71
71.23
72.53
73.2
71.64
72.06
68.13
69.86
70.9
72.1
73.5
74.5
75.18
75.93
76.95
75.61
76.04
75.84
75.75
75.84
78.19
77.8
78.24
75.84
75.41
76.47
75.18
76.18
76.92
74.4
74.14
73.67
73.95
75.25
74.92
74.84
74.03
75.36
75.83
75.23
75.81
77.79
77.23
78.81
78.78
79.26
80.29
82.21
81.43
81.97
81.48
82.75
85.87
81.48
79.06
77.36
76.3
75.79
75.44
76.76
75.6
74.35
72.55
71.51
72.99
70.47
71.14
71.95
72.93
73.3
73.28
74.39
72.78
74.14
72.55
72.96
74.17
75.52
78.23
78.35
78.17
77.77
78.39
76.5
77.55
79.3
80.33
81.65
79.21
79.94
75.54
77.84
80.81
81.22
82.28
87.29
88.13
87.99
88.07
86.89
87.36
87.14
88.61
88.7
88.08
87.03
87.93
86.82
86.38
88.19
88.21
87.72
89.77
91.25
91.09
91.19
90.85
90.57
88.89
88.38
88.74
87.61
88.05
87.86
87.03
86.31
86.73
86.01
86.41
86.71
88.7
87.89
86.81
87.63
86.31
87.0
86.14
88.72
89.89
87.81
86.87
87.36
86.55
86.38
94.0
94.21
94.63
94.71
95.4
90.95
92.66
91.37
94.65
95.96
102.94
102.68
104.44
104.23
103.77
104.32
104.44
104.75
105.93
105.29
104.44
102.71
103.01
104.19
100.8
101.1
103.48
103.22
100.57
101.7
104.85
100.38
102.02
101.81
105.03
102.5
102.72
104.19
104.11
101.07
101.35
101.53
102.07
101.63
101.62
101.24
102.29
102.32
103.13
106.49
110.95
110.46
111.95
112.52
113.53
112.23
112.72
112.1
114.26
114.14
114.49
113.95
113.92
112.63
115.0
115.5
114.55
117.95
119.64
117.68
117.15
115.34
115.74
116.87
117.6
114.59
113.5
110.01
111.45
113.92
114.45
113.12
113.57
115.35
114.71
118.05
118.14
119.02
118.13
117.84
118.53
117.38
119.68
120.11
119.92
120.4
121.76
121.51
122.45
121.42
120.77
121.74
120.11
121.81
122.33
122.13
122.5
122.51
122.54
122.27
122.09
122.44
125.26
126.47
125.04
125.52
126.98
127.34
128.24
127.0
126.97
124.58
126.21
127.55
128.42
133.01
134.04
131.9
136.09
135.78
134.73
134.85
135.63
135.13
136.25
135.74
136.91
136.81
136.28
137.19
137.73
138.31
136.66
135.45
135.68
137.43
140.04
141.26
142.08
141.44
144.0
144.59
144.7
145.22
143.29
143.74
143.69
143.54
140.88
142.33
142.54
144.43
143.61
140.8
138.72
139.03
140.28
141.22
142.21
141.07
135.83
134.35
133.68
136.54
133.66
136.02
137.57
139.23
139.79
138.91
136.45
137.58
141.15
141.37
142.78
143.24
141.77
141.89
137.57
137.45
139.31
146.22
145.85
148.05
143.5
145.43
146.6
148.27
148.85
149.03
148.92
145.89
145.77
148.68
148.45
147.88
148.05
149.84
148.93
146.3
145.78
146.12
145.53
141.9
141.05
142.97
142.0
143.15
147.27
148.19
147.64
148.0
145.83
143.91
146.44
144.45
141.73
141.61
143.47
146.41
146.92
147.91
146.69
146.65
146.2
144.85
144.99
144.4
137.77
137.75
137.02
138.67
139.74
141.43
138.59
139.48
135.12
133.31
130.35
130.8
126.93
129.23
129.01
133.35
135.3
137.64
148.0
143.09
143.29
139.2
139.4
141.59
138.62
134.28
135.53
136.61
137.74
132.54
130.4
127.59
132.69
134.46
135.06
134.06
134.57
133.9
131.91
126.38
127.1
133.42
132.43
129.87
125.95
129.2
133.28
133.84
136.13
136.1
139.87
138.28
141.57
141.67
141.46
142.51
141.94
139.07
140.15
142.97
140.59
136.55
135.89
133.29
128.82
127.71
129.89
126.73
127.68
130.01
128.04
124.81
119.64
123.07
118.65
114.29
118.52
114.11
116.58
117.33
122.26
116.51
115.75
112.51
114.39
113.6
112.84
116.05
114.44
116.47
111.9
110.38
108.91
111.49
105.97
105.81
107.79
112.32
113.89
117.62
114.54
116.82
117.15
117.19
114.84
111.16
106.39
106.72
109.76
106.03
107.14
111.49
112.24
117.97
115.83
112.01
111.7
108.96
108.74
114.57
118.78
119.35
115.68
114.02
111.35
110.37
111.78
109.03
113.81
113.9
114.34
107.9
107.51
105.02
113.06
114.22
116.32
114.86
115.13
118.08
118.19
117.47
117.3
116.63
119.7
118.84
121.68
122.08
121.7
119.55
120.17
117.21
114.24
113.86
113.69
116.65
110.34
109.42
108.94
108.22
109.74
107.85
109.45
108.38
110.65
110.86
104.32
105.0
102.91
102.8
103.07
101.14
99.28
100.14
98.74
98.17
97.5
100.05
97.42
95.65
98.64
101.64
101.43
101.42
98.68
97.86
97.18
97.56
99.06
96.56
99.97
100.77
99.63
99.97
101.13
102.52
104.48
94.93
92.22
96.29
94.51
90.47
86.97
83.43
86.58
88.49
88.9
87.32
93.94
96.41
95.7
98.44
98.85
98.36
97.43
95.6
97.05
98.46
97.46
96.05
95.19
100.99
100.99
100.44
99.48
96.98
94.94
93.71
92.83
93.31
95.63
95.07
90.86
90.26
88.44
89.02
89.58
87.76
89.23
87.39
86.02
88.45
88.23
89.12
88.08
86.2
87.34
88.02
88.42
91.52
91.13
92.12
91.29
91.12
93.05
98.02
99.79
97.7
95.22
97.52
99.37
96.94
98.84
100.43
107.74
104.78
102.9
107.64
99.37
95.01
94.57
94.61
94.68
96.94
95.51
94.35
91.79
91.65
90.89
89.13
89.87
90.06
90.36
92.0
93.65
95.13
93.86
94.25
92.32
90.63
91.11
93.97
96.11
100.32
101.62
101.22
104.92
103.37
105.6
105.44
102.46
101.03
101.39
100.89
103.73
104.36
104.72
104.47
108.42
106.44
105.35
104.64
107.43
108.87
105.97
104.5
104.18
105.29
105.41
105.97
103.85
103.71
107.59
107.34
107.2
105.32
105.41
104.69
105.57
107.77
107.35
111.75
116.57
117.51
116.51
119.51
120.84
122.83
122.76
125.05
122.56
120.9
123.48
124.61
123.67
122.87
123.72
124.67
126.01
127.31
122.5
122.14
122.23
123.64
123.83
123.67
125.09
123.53
123.1
120.55
123.15
122.34
118.34
118.33
120.18
119.1
119.7
119.9
121.75
120.11
119.48
116.45
117.14
118.93
124.54
125.42
124.65
123.76
122.03
119.2
120.02
121.53
122.21
129.27
129.4
132.58
132.72
131.55
128.38
128.45
128.11
131.53
131.4
129.66
129.69
129.56
131.33
129.78
128.7
129.92
127.46
128.37
129.08
132.37
129.78
129.88
131.01
134.57
135.88
136.17
135.66
135.77
134.46
135.26
136.38
136.92
135.34
136.71
138.1
137.4
138.21
138.04
133.74
130.44
130.25
131.11
128.57
130.54
132.31
130.86
134.17
132.43
135.24
135.07
137.58
138.42
138.06
140.55
138.97
137.36
139.1
139.72
137.96
137.75
135.6
136.5
138.81
125.61
122.28
122.17
124.46
124.08
126.45
127.49
129.1
130.25
130.97
131.84
130.24
132.59
132.09
133.62
134.62
136.93
135.31
136.25
136.97
138.49
136.69
136.41
137.2
134.99
132.53
131.86
129.27
130.99
130.02
136.93
134.99
133.29
132.52
132.57
131.94
132.6
135.8
136.65
138.34
140.42
141.49
141.52
140.37
140.23
139.69
138.17
138.92
136.39
135.73
138.84
140.95
142.28
142.08
142.65
142.49
141.47
143.48
146.38
145.99
147.04
148.7
151.87
152.18
153.51
151.46
140.1
141.16
142.38
