209.78
208.67
212.6
213.06
215.22
218.3
218.06
221.91
219.06
221.15
221.77
222.14
221.44
221.32
219.76
217.94
214.87
217.79
223.23
209.53
201.91
204.19
209.83
210.11
210.85
212.33
213.06
207.19
210.76
213.14
214.18
217.8
217.49
214.58
210.18
200.72
196.77
197.2
189.75
192.47
196.44
185.89
191.76
185.17
181.09
169.5
178.19
170.24
154.47
170.28
146.01
149.42
146.96
153.13
149.73
148.1
160.98
156.21
163.34
156.79
165.95
166.8
159.6
158.19
154.18
165.55
168.83
174.28
175.19
174.79
178.17
176.97
176.25
179.24
178.24
170.8
182.28
185.13
190.07
187.5
182.91
194.19
204.71
202.27
205.26
207.07
208.47
211.26
212.35
213.18
210.1
205.1
206.81
210.88
213.19
216.88
229.97
231.39
234.91
229.14
225.46
225.09
231.91
232.72
230.16
226.29
230.77
231.4
238.67
236.73
224.43
228.58
232.5
235.65
235.53
235.94
238.79
239.22
242.24
234.02
235.68
216.08
220.64
227.07
237.55
233.42
240.86
243.58
244.5
245.07
239.0
239.73
240.28
240.93
242.03
245.42
241.75
239.87
232.6
230.71
233.5
230.12
233.29
234.5
253.67
251.96
249.83
249.12
265.28
268.44
263.0
256.13
259.89
261.3
261.24
261.16
262.34
262.59
269.01
267.01
271.39
280.82
303.91
293.22
293.66
293.2
295.44
302.5
291.12
282.73
273.72
268.09
266.61
266.15
272.42
263.52
254.82
252.53
248.15
254.75
249.02
249.53
254.82
256.82
261.79
261.9
266.63
259.94
264.65
258.66
258.12
263.76
264.45
275.75
276.14
271.82
266.72
265.93
261.4
267.56
278.73
278.12
284.79
277.11
283.29
267.67
280.83
263.11
261.36
265.3
287.38
294.68
293.41
278.77
272.43
276.48
275.08
276.95
278.96
275.0
271.97
272.94
269.7
268.43
276.92
275.59
276.97
286.55
287.52
281.85
279.7
285.58
283.4
277.92
277.12
273.55
274.19
275.55
275.67
274.48
276.4
272.79
267.09
268.11
267.4
277.0
276.78
271.87
273.16
268.94
270.97
263.31
268.74
267.57
256.84
251.09
251.64
245.64
251.36
267.48
272.87
274.5
278.01
282.05
272.14
265.0
258.33
262.01
267.08
266.65
266.49
268.1
266.58
269.45
271.87
270.39
270.5
273.57
269.39
261.56
260.33
265.86
264.31
254.69
257.62
264.91
259.0
255.41
257.64
264.28
255.31
265.74
264.9
273.88
268.4
273.75
279.28
284.01
278.62
290.11
293.54
290.63
282.14
278.74
283.02
290.82
288.0
294.53
298.66
308.91
306.26
313.09
313.02
312.46
311.54
309.76
302.82
307.82
306.18
302.24
302.65
301.47
296.52
301.13
303.04
303.57
307.1
329.51
325.08
322.58
318.36
315.02
320.02
319.08
305.97
306.53
302.55
305.26
315.94
315.46
309.96
313.59
318.61
316.23
324.63
327.79
327.66
332.75
328.73
329.15
326.04
330.35
336.58
333.68
330.25
332.46
331.26
336.77
336.75
331.08
336.51
329.66
332.29
339.03
340.59
343.18
341.37
355.64
351.89
347.71
354.39
354.7
350.49
345.65
350.42
353.16
352.09
347.63
344.46
341.16
336.95
341.66
346.23
351.19
369.79
372.46
367.81
373.28
358.32
356.3
351.95
351.24
358.92
362.97
363.51
361.61
361.13
359.96
362.65
363.18
366.56
358.45
355.45
355.12
359.37
363.35
365.51
368.39
364.38
372.63
380.66
379.38
382.05
375.28
376.26
377.57
378.0
378.69
376.51
376.53
373.92
373.06
364.72
355.7
357.48
343.21
345.96
352.96
353.58
340.65
339.61
339.39
343.01
326.23
332.96
333.64
329.22
330.05
325.45
323.77
324.54
328.53
324.76
335.34
339.99
340.78
341.88
324.61
328.69
315.81
312.22
316.92
323.57
329.98
328.08
331.62
335.85
341.13
338.62
335.37
327.64
327.74
340.89
347.56
342.96
340.77
338.69
345.3
341.01
337.25
341.06
338.03
324.46
310.6
310.39
306.84
317.87
322.81
330.56
329.82
329.75
334.49
333.74
341.66
334.9
333.79
325.45
334.2
330.45
335.24
346.18
346.22
342.94
344.36
336.35
338.54
336.53
324.17
332.46
331.79
328.07
334.37
333.26
326.48
331.9
319.59
316.56
303.17
308.71
300.15
294.63
294.64
301.71
313.26
319.0
323.0
237.76
237.09
224.91
220.18
232.0
228.07
219.55
217.7
221.0
216.54
207.71
206.16
198.45
207.6
210.48
211.03
203.49
208.11
202.97
200.06
187.47
190.29
198.5
195.21
187.61
186.63
192.03
203.63
207.84
216.49
211.49
216.65
213.46
219.57
221.82
223.59
229.86
227.85
222.36
224.85
233.89
231.84
223.3
222.95
222.33
216.46
214.14
214.99
210.18
210.77
217.31
200.42
188.07
184.11
186.99
180.95
174.95
205.73
200.47
211.13
212.03
223.41
208.28
203.77
196.21
197.65
188.74
191.24
198.62
200.04
202.62
192.24
191.29
193.54
196.23
181.28
183.83
191.63
195.13
188.64
198.86
190.78
194.25
195.65
196.64
184.0
175.57
164.26
163.73
169.35
160.87
163.74
155.85
158.75
170.16
169.49
160.68
163.94
161.25
160.03
169.77
172.19
170.88
162.88
163.27
163.49
158.05
164.7
167.23
175.78
183.09
183.17
169.27
166.65
159.15
169.58
160.72
159.1
159.93
160.19
168.8
170.57
167.11
170.25
168.53
178.34
177.49
180.5
180.89
179.47
174.85
174.66
167.96
163.05
161.11
163.26
168.78
161.78
159.17
157.16
162.93
165.36
160.32
160.39
162.06
169.15
168.96
153.13
151.47
149.55
146.29
148.02
146.09
142.12
142.82
140.41
136.37
134.4
141.61
136.41
135.68
138.61
140.28
138.98
139.07
133.45
133.79
128.54
127.5
130.29
126.76
134.04
132.8
133.23
131.53
130.01
129.72
137.51
129.82
97.94
99.2
93.16
95.2
90.54
88.91
90.79
96.72
96.47
101.47
111.87
113.02
114.22
117.08
113.23
111.45
112.05
109.86
111.44
112.24
111.41
108.78
109.46
118.1
120.44
123.49
122.43
114.12
113.93
115.33
115.9
114.71
120.15
121.59
116.15
119.43
114.48
117.09
119.76
117.12
118.04
116.88
115.62
120.26
120.34
124.74
127.37
126.94
130.02
129.47
132.99
132.89
136.71
136.98
135.36
133.02
136.15
139.37
143.27
143.14
141.5
147.3
151.74
147.06
148.97
153.12
188.77
186.53
186.06
191.62
183.43
177.92
174.15
179.43
179.48
177.16
172.44
172.88
172.08
171.12
172.04
170.39
169.54
174.94
173.42
174.53
185.25
184.9
184.51
184.97
181.69
179.51
180.9
194.02
197.75
204.93
195.61
197.81
202.16
199.81
204.28
206.01
202.84
200.68
205.35
207.84
211.94
213.07
214.72
211.48
216.1
214.75
213.85
214.0
220.35
221.49
218.86
217.89
215.7
213.07
212.89
212.79
207.55
209.4
238.56
240.32
243.18
239.24
237.03
233.52
232.78
233.27
233.37
233.08
235.79
233.81
238.86
238.82
242.49
246.85
245.64
248.32
246.74
249.21
252.69
262.04
262.52
264.72
272.61
272.61
271.39
271.12
263.6
264.58
264.95
271.05
271.32
273.35
281.83
281.0
284.33
281.64
284.88
288.73
278.47
287.05
285.29
281.53
286.98
286.02
294.37
291.99
290.53
294.1
298.29
309.34
313.41
308.87
310.62
312.05
316.01
302.52
294.26
291.61
294.47
298.57
311.71
325.48
318.6
322.71
314.31
313.19
310.73
316.56
312.64
305.21
305.74
301.64
306.19
301.95
294.29
285.09
283.25
289.9
287.6
294.24
286.75
285.5
290.26
297.99
295.1
295.89
296.38
300.15
299.17
298.67
297.89
307.56
301.66
305.06
311.72
300.31
302.55
305.07
299.67
295.73
299.08
300.83
298.96
297.74
303.96
300.21
306.82
300.94
305.58
304.79
315.43
318.36
321.84
327.82
324.16
314.69
321.15
324.0
316.97
312.81
308.65
314.01
312.55
299.53
288.35
296.73
302.66
301.27
311.85
310.87
314.6
315.8
318.82
319.78
320.55
328.77
329.19
336.31
332.71
334.19
335.04
339.97
336.98
341.49
338.23
334.7
338.99
332.2
327.15
324.82
320.02
318.29
317.45
326.59
332.75
325.28
334.22
334.74
333.17
334.92
344.62
350.36
349.28
354.09
353.39
354.83
357.83
358.32
353.96
346.29
344.47
347.12
351.95
358.66
357.43
370.47
369.67
374.49
367.46
368.37
376.13
383.45
381.78
385.2
390.7
393.18
394.14
401.02
400.06
390.14
394.78
474.99
