160.62
158.62
159.03
157.58
160.09
162.09
161.34
163.28
162.13
163.18
166.17
167.1
166.5
165.7
166.72
165.04
162.28
165.46
168.04
172.78
170.23
174.38
180.12
179.9
183.63
183.89
188.7
184.44
184.71
183.71
185.35
187.23
187.28
184.42
178.59
170.89
168.07
170.17
158.18
162.01
172.79
164.51
170.55
166.27
161.57
150.62
160.92
153.63
139.06
158.83
135.42
146.57
140.4
142.71
137.35
135.98
148.34
146.92
156.11
149.7
160.23
157.71
152.11
155.26
153.83
165.27
163.49
165.13
165.14
165.51
173.7
171.88
177.04
178.6
175.06
167.82
173.52
171.42
174.55
174.05
169.81
177.43
179.21
174.57
178.84
180.76
182.54
183.6
184.68
186.74
182.51
179.75
180.53
183.16
184.91
183.63
185.66
183.43
183.51
181.81
181.4
183.25
182.83
184.91
185.36
182.92
187.2
188.36
189.8
196.84
186.27
187.74
188.94
193.57
194.24
196.32
195.15
200.57
201.91
197.84
200.34
196.33
198.44
203.51
204.7
206.26
208.25
212.83
214.32
213.67
207.07
208.35
208.04
203.92
202.88
211.6
208.75
211.75
202.54
201.3
203.85
202.02
204.06
203.9
205.01
216.54
213.29
212.94
216.35
212.48
208.25
203.38
209.19
208.7
208.9
210.28
211.49
209.7
214.58
213.02
213.69
216.47
221.15
226.58
228.91
225.53
227.27
231.65
217.3
214.25
211.29
205.37
204.03
205.41
208.78
205.05
202.91
200.39
202.54
207.42
200.59
203.19
207.82
209.44
207.26
210.33
212.46
206.19
210.38
205.91
209.83
210.58
215.81
221.4
222.86
220.86
219.66
219.66
214.22
214.65
214.8
214.89
216.23
210.08
213.25
202.68
204.72
202.47
202.33
206.43
216.39
223.29
223.72
218.39
211.01
216.55
215.44
216.51
217.23
214.46
211.08
212.42
210.39
210.11
213.86
213.87
214.07
216.21
215.37
214.24
214.36
214.29
216.01
211.8
210.52
213.26
214.2
214.13
219.28
219.42
218.59
222.59
223.94
221.02
222.75
224.96
224.15
221.68
222.42
217.69
217.9
212.25
218.29
219.62
217.49
214.93
216.34
213.02
212.65
224.34
224.97
225.95
229.53
232.33
232.9
238.93
231.96
239.65
239.51
243.0
242.01
242.2
242.47
243.77
242.82
244.49
244.99
244.2
243.79
240.97
234.51
233.27
234.55
228.99
232.38
236.94
233.87
227.56
226.73
231.6
227.39
233.78
232.42
237.13
235.75
234.81
237.71
237.04
230.72
230.35
235.99
237.58
235.46
232.34
236.48
235.24
231.85
235.77
242.35
249.07
247.86
249.9
253.25
255.85
255.91
258.49
255.59
259.5
260.74
258.74
258.26
260.58
257.17
261.15
261.55
261.97
254.56
252.51
252.18
251.86
247.79
246.47
249.73
252.46
247.18
246.23
239.0
243.03
248.15
245.18
243.08
243.12
246.48
245.17
250.78
251.72
251.49
249.31
249.68
247.3
245.71
250.79
253.81
252.57
253.59
257.24
257.89
259.89
258.36
257.38
260.9
259.43
262.63
265.51
265.27
266.69
265.02
268.72
271.4
270.9
271.6
277.65
279.93
277.42
277.94
277.32
280.98
282.51
281.03
280.75
277.01
279.32
281.4
286.14
289.67
289.05
286.54
286.22
286.5
284.91
284.82
287.12
286.51
289.52
289.46
288.33
286.44
286.95
289.81
292.85
294.6
293.08
290.73
296.77
304.36
304.65
302.62
302.01
299.09
299.72
303.59
301.88
301.83
301.15
301.14
300.21
297.25
295.71
296.99
299.79
304.82
305.22
299.87
294.3
294.8
298.58
299.56
299.35
294.17
283.52
284.0
281.92
289.1
283.11
288.76
293.11
294.85
294.85
294.23
292.88
296.31
302.75
304.21
307.29
308.23
307.41
310.76
309.16
308.13
310.11
323.17
324.35
331.62
329.37
333.13
334.0
336.44
336.06
336.99
335.95
330.8
332.43
336.72
336.07
339.51
339.12
341.27
343.11
339.83
337.68
337.91
336.63
330.59
330.08
329.49
323.01
326.19
334.92
334.97
333.1
342.54
339.4
328.34
334.65
324.9
323.8
319.91
327.29
333.2
334.69
342.45
341.25
341.95
339.32
336.32
334.75
329.01
316.38
313.88
314.04
314.27
314.98
318.27
304.8
310.2
303.33
301.6
296.03
296.37
288.49
296.71
299.84
308.26
310.98
308.76
313.46
301.25
305.94
300.95
304.56
311.21
302.38
295.04
295.0
300.47
299.5
290.73
287.93
280.27
294.59
297.31
298.79
294.95
300.19
295.92
289.86
278.91
275.85
288.5
285.59
280.07
276.44
287.15
294.39
295.22
300.43
299.16
304.06
299.49
304.1
303.68
310.7
315.41
313.86
308.31
309.42
314.97
310.88
299.5
301.37
296.97
285.26
282.06
287.62
279.83
280.52
285.3
286.36
280.81
274.03
280.72
270.22
283.22
289.63
277.52
284.47
281.78
289.98
277.35
274.73
264.58
269.5
260.55
255.35
261.12
261.5
266.82
254.08
253.14
252.56
260.65
259.62
262.52
265.9
273.24
272.42
274.58
270.02
268.75
272.5
270.41
264.79
252.99
242.26
244.49
251.76
244.97
247.65
253.13
258.86
267.7
264.89
256.48
260.26
256.83
259.58
266.21
268.4
267.66
264.51
253.67
252.72
254.08
256.72
254.25
259.53
262.27
264.84
260.36
258.83
251.9
268.74
276.41
280.74
278.01
274.82
282.47
283.65
282.91
280.32
282.3
289.16
287.02
291.91
293.47
292.71
291.32
290.17
286.15
277.75
276.44
275.79
278.85
268.09
265.23
262.97
261.47
260.4
256.06
258.09
258.52
264.46
266.65
251.99
252.22
245.38
244.74
244.52
242.45
238.95
240.98
237.92
237.45
236.41
241.07
237.5
232.9
240.74
248.88
249.2
246.79
234.24
229.25
225.41
225.75
234.24
228.56
237.53
238.5
236.48
236.15
242.12
247.25
250.66
231.32
226.75
235.87
232.13
228.17
220.1
214.25
221.39
227.87
228.87
224.51
242.98
247.11
241.55
241.97
241.73
241.68
241.22
242.05
245.03
247.58
247.49
241.76
240.33
255.14
254.69
255.02
250.2
245.12
244.37
247.4
245.42
252.51
256.92
257.22
249.01
244.69
240.45
241.8
244.43
238.19
238.73
236.96
234.53
241.01
239.82
239.58
229.1
222.31
224.93
227.12
228.85
235.77
238.51
239.23
240.35
235.81
231.93
240.22
242.58
242.04
240.61
248.0
248.16
242.71
247.81
252.75
264.6
258.35
256.77
267.56
266.73
263.62
263.1
271.32
272.17
269.32
262.15
258.06
252.67
251.51
254.77
249.22
250.16
249.42
246.27
251.11
255.29
256.87
254.15
253.7
252.32
248.59
253.92
260.79
265.44
276.2
279.43
272.23
273.78
272.29
277.66
280.57
276.38
275.23
280.51
284.05
288.3
287.23
287.18
284.34
291.6
289.39
282.83
283.49
289.84
286.14
288.8
288.37
288.45
286.11
285.76
281.77
275.42
295.37
304.83
307.26
305.56
305.41
304.4
305.41
310.65
308.65
307.0
312.31
310.11
308.97
309.46
311.74
314.0
318.52
318.34
321.18
315.26
313.85
325.92
332.89
331.21
328.39
332.58
335.4
335.94
333.68
323.38
325.26
326.79
331.85
334.29
337.34
348.1
342.33
338.05
333.56
339.71
335.02
328.6
334.57
335.85
335.05
340.54
337.99
338.15
341.27
337.22
331.83
332.47
337.2
342.66
345.24
345.73
359.49
355.08
346.87
343.77
345.11
350.98
337.77
330.72
338.37
335.92
336.34
327.5
326.66
327.78
330.11
326.05
322.23
322.93
321.01
324.04
321.86
320.4
316.88
316.48
321.88
322.46
327.0
319.97
322.98
323.7
328.41
328.79
327.76
328.66
333.55
332.88
329.91
334.27
337.94
331.77
336.06
338.7
330.22
329.06
328.65
320.77
319.53
317.01
317.54
312.14
312.79
313.64
315.75
321.8
313.39
318.95
319.36
327.26
329.82
328.39
332.42
331.16
327.73
332.64
332.06
330.11
331.32
326.67
329.32
330.53
340.67
327.89
329.81
337.31
338.11
346.07
348.32
352.8
356.53
360.53
363.2
360.69
369.67
366.68
370.27
369.67
376.17
369.85
377.44
373.07
377.85
377.43
378.61
382.7
378.85
378.91
374.51
369.14
372.52
368.8
370.95
374.23
371.3
374.38
374.37
365.93
370.73
372.65
373.26
370.62
373.54
374.58
374.66
374.07
375.28
376.04
370.87
370.6
367.94
367.75
374.69
375.79
382.77
384.63
388.47
390.27
389.47
393.87
398.67
396.51
398.9
402.56
404.87
403.93
409.72
408.59
397.58
403.78
411.22
