8872.22
8793.9
8848.51
8846.45
8912.37
8989.63
8966.64
9070.65
9033.42
9035.67
9125.0
9173.73
9166.63
9188.58
9216.98
9141.47
8952.18
9090.93
9101.61
9136.09
8991.51
9126.23
9334.06
9367.48
9445.92
9401.1
9516.84
9517.86
9613.2
9595.7
9623.58
9629.8
9718.73
9627.83
9446.69
9079.63
8834.86
8873.76
8436.67
8461.83
8877.98
8594.49
8949.28
8671.66
8530.34
7948.03
8372.26
8006.12
7263.65
7995.26
7020.38
7473.95
7175.18
7288.52
6994.29
7006.92
7553.82
7469.61
7897.13
7588.37
7889.01
7813.5
7486.29
7635.66
7528.11
8081.66
8049.31
8229.54
8238.53
8332.74
8692.16
8591.96
8757.83
8832.41
8726.51
8403.0
8664.64
8641.5
8786.6
8837.66
8677.6
8982.76
9000.51
8718.18
8834.11
8930.62
8984.86
9101.88
9220.35
9298.92
9112.45
9000.08
9094.42
9152.64
9331.93
9298.54
9485.02
9377.99
9413.99
9442.05
9416.71
9555.52
9598.89
9657.31
9704.69
9629.66
9824.39
9901.52
9967.17
10094.26
9588.48
9663.77
9776.89
9949.37
9982.48
10012.05
10008.64
10130.33
10209.82
10002.7
10101.83
9849.36
9961.16
10156.85
10279.25
10341.89
10524.01
10666.7
10754.59
10836.33
10602.21
10689.52
10701.68
10626.46
10645.22
10952.08
10833.07
10870.75
10580.59
10483.13
10674.38
10532.5
10662.98
10715.51
10905.88
11055.08
11096.54
11125.44
11267.08
11139.39
11085.17
10876.08
11157.72
11178.37
11164.45
11288.57
11399.03
11318.64
11477.05
11555.16
11626.17
11721.81
11971.94
11926.16
11995.85
12110.7
12292.86
12420.54
11771.36
11622.13
11395.85
11154.12
11087.4
11277.76
11438.87
11247.6
11080.95
10936.98
10980.22
11186.37
10833.33
10896.47
11151.13
11364.45
11322.95
11418.06
11583.2
11255.69
11509.06
11291.27
11503.19
11550.94
11725.85
12088.11
12083.17
11985.36
11898.57
11852.17
11634.35
11677.84
11665.37
11662.91
11692.57
11504.52
11598.94
11142.76
11350.74
11052.95
11084.76
11279.91
11777.02
12078.07
12091.35
11830.39
11624.29
11892.93
11827.14
11937.84
12013.39
11977.49
11894.71
11985.43
11906.44
11905.94
12079.81
12152.22
12268.32
12455.33
12456.41
12467.13
12528.48
12596.47
12635.72
12364.64
12401.74
12375.41
12462.21
12595.92
12668.16
12752.06
12738.18
12690.26
12717.56
12653.14
12711.01
12838.86
12843.49
12845.36
12888.28
12694.67
12802.38
12623.35
12939.57
13105.2
12902.49
12892.09
12973.63
12898.69
12803.93
13296.45
13404.99
13366.4
13483.29
13490.19
13112.65
13201.53
12925.38
13248.9
13456.12
13402.37
13560.89
13603.96
13695.02
13687.08
13655.27
13734.35
13807.7
13699.71
13637.51
13580.78
13223.74
13194.71
13302.19
12828.31
12909.44
13282.95
13059.95
12683.33
12464.0
12668.51
12299.08
12794.49
12752.07
13052.9
12937.29
13082.54
13152.28
13202.38
12789.14
12866.99
13086.51
13017.79
12798.88
12780.51
12979.12
12965.74
12896.53
13091.44
13329.51
13598.16
13578.46
13616.7
13758.5
13845.06
13819.35
13986.49
13803.91
14026.19
14041.91
13907.67
13809.3
13935.15
13762.36
13941.44
14026.16
13960.28
13901.62
13970.2
13860.76
13799.72
13544.67
13503.37
13613.73
13719.63
13359.08
13351.27
13001.63
13109.15
13393.11
13312.91
13217.68
13237.91
13494.09
13411.74
13641.75
13657.73
13702.74
13657.85
13686.51
13675.79
13529.68
13770.77
13802.89
13810.86
13814.94
13960.35
13998.3
14128.2
14030.41
13983.01
14163.81
14049.58
14137.23
14270.42
14274.24
14365.96
14345.18
14524.98
14572.75
14554.8
14560.05
14727.63
14810.53
14722.14
14826.09
14877.89
14874.54
14900.44
14794.69
14681.38
14549.09
14728.21
14842.63
14940.17
15111.79
15125.95
14956.97
15018.1
15048.36
14959.9
14963.62
15061.42
15083.39
15181.64
15109.36
15133.11
15053.58
15027.76
15088.98
15136.68
15140.77
15002.83
14857.92
14933.93
15092.57
15312.82
15357.68
15368.92
15278.52
15432.95
15605.09
15582.51
15611.57
15604.25
15652.86
15620.85
15561.05
15440.75
15434.5
15382.9
15503.53
15515.91
15333.47
15012.18
15027.77
15176.51
15316.58
15329.68
15204.83
14770.3
14752.89
14689.62
14791.87
14472.12
14674.15
14766.75
14897.13
14820.75
14713.73
14662.11
14774.6
15052.42
15146.92
15300.89
15410.72
15388.71
15489.59
15355.07
15514.19
15559.49
15598.39
15778.16
15850.47
15905.28
15972.49
16144.5
16346.24
16359.38
16336.03
16219.93
15985.57
16032.47
16199.89
16189.11
16309.77
16308.07
16482.97
16573.34
16380.98
16306.72
16367.81
16399.24
16135.92
15877.72
15990.76
15712.04
15846.16
16325.66
16394.34
16149.57
16331.98
16082.55
15914.9
16289.59
15863.94
15801.46
15627.64
15986.28
16180.14
16308.21
16567.5
16488.66
16491.01
16429.1
16320.08
16501.77
16279.73
15771.77
15765.36
15592.19
15614.43
15844.12
15905.1
15495.62
15611.59
15047.84
14846.46
14438.4
14509.58
14149.12
14172.76
14003.11
14454.61
14930.05
15019.68
15139.74
14501.11
14694.35
14571.25
14747.03
15056.96
14705.64
14253.84
14268.59
14620.82
14603.64
14171.74
14009.54
13509.43
13974.67
14189.16
14237.81
14005.99
14243.69
14035.21
13837.83
13319.38
13267.6
13742.2
13591.0
13301.83
13046.64
13458.56
13956.78
14118.6
14420.08
14376.09
14654.33
14447.55
14765.69
14754.31
14987.4
15239.32
15071.55
14838.49
14861.21
15159.58
14820.64
14498.89
14531.81
14327.26
13990.2
13940.24
14217.29
13893.22
13910.76
14210.26
13998.53
13720.45
13356.87
13533.22
13009.71
13003.36
13456.06
12854.8
13075.85
13089.9
13535.71
12850.55
12693.53
12187.72
12345.86
11967.56
11945.5
12387.4
12243.58
12564.1
11928.31
11875.63
11835.62
12034.28
11769.84
11943.93
12276.79
12681.42
12548.36
12892.89
12548.02
12599.63
12711.67
12615.13
12269.78
11832.82
11288.32
11311.69
11593.77
11127.57
11265.99
11527.71
11697.68
12105.85
12008.24
11637.77
11658.26
11503.72
11585.68
11852.59
12109.05
12125.69
11860.28
11744.99
11728.53
11768.4
11983.62
11877.5
12249.42
12439.68
12619.41
12396.47
12328.41
12086.9
12601.47
12717.87
12947.98
12940.78
12901.6
13253.26
13311.04
13207.69
13159.16
13008.17
13378.32
13291.99
13565.87
13667.18
13635.21
13470.86
13505.99
13242.9
12890.54
12881.79
12917.86
13143.58
12605.17
12484.32
12342.7
12272.03
12274.62
12098.44
12259.39
12321.19
12588.29
12739.72
12033.62
12134.4
11927.49
11861.38
11953.27
11851.54
11637.79
11501.65
11311.24
11254.11
11271.75
11493.83
11164.78
10971.22
11229.73
11582.54
11573.18
11485.5
11039.47
10926.97
10791.35
10785.61
11033.58
10692.06
11062.53
11147.74
11103.38
11046.71
11310.33
11430.26
11669.99
11405.9
11191.63
11546.21
11405.57
11288.95
10906.34
10690.6
10857.03
10977.0
11059.5
10797.55
11605.96
11817.01
11700.94
11871.15
11699.09
11676.86
11677.02
11553.45
11724.84
11838.72
11756.03
11587.75
11503.45
12030.06
12041.9
11994.26
11786.8
11549.68
11497.39
11637.5
11563.33
11706.44
11834.2
11740.92
11345.22
11243.72
11084.59
11072.42
11235.88
10956.14
10985.45
10822.51
10679.34
10951.05
10939.76
10862.64
10914.8
10741.22
11040.35
11108.44
11205.78
11402.52
11459.61
11541.48
11557.19
11410.29
11295.67
11619.03
11872.54
11846.65
11814.69
12051.48
12166.6
11912.39
12101.93
12363.1
12803.14
12573.36
12464.51
12728.27
12495.38
12381.17
12304.92
12502.31
12590.89
12687.89
12442.48
12358.18
12060.3
12066.27
12180.14
11969.65
12057.79
12042.12
11938.57
12044.87
12290.81
12302.48
12152.17
12215.33
11995.88
11830.28
11923.17
12199.79
12251.32
12581.39
12519.88
12562.61
12741.44
12567.15
12729.23
12767.05
12673.07
12610.57
12846.03
12963.14
13181.35
13148.35
13100.08
12967.2
13062.6
13051.23
12964.16
12848.35
13109.39
13079.52
13087.71
13091.79
13088.72
12985.98
13000.77
12969.76
12725.11
12806.49
13160.03
13245.99
13231.47
13113.66
13030.21
12982.48
13259.13
13291.64
13201.11
13347.83
13389.78
13340.17
13413.51
13426.01
13589.26
13834.62
13803.49
13849.74
13672.54
13604.48
13938.53
14298.41
14354.99
14254.09
14441.51
14546.64
14556.5
14558.09
14303.29
14484.54
14528.36
14784.3
14900.85
15005.69
15185.48
15083.92
15070.15
14867.45
15042.32
14891.48
14689.02
14945.91
14964.58
14939.95
15179.21
15208.69
15203.78
15089.45
15036.85
15045.64
15119.06
15307.23
15571.98
15565.6
15713.28
15841.35
15826.35
15466.09
15425.67
15448.02
15561.42
15499.26
15464.93
15750.93
15757.0
15718.01
15370.74
15353.54
15274.92
15407.85
15273.05
15101.71
15128.84
15028.07
15205.58
15037.65
14876.47
14715.81
14694.84
14936.69
14908.96
15148.06
14816.44
14941.83
15052.46
15376.55
15462.43
15501.07
15490.86
15508.24
15371.44
15258.52
15280.23
15461.87
15289.74
15348.53
15473.89
15202.4
15225.37
15191.23
14969.92
14694.24
14701.1
14768.89
14545.83
14580.16
14702.77
14715.24
14837.57
14565.62
14776.25
14723.22
14973.24
15047.16
15131.52
15241.12
15184.1
14995.12
15172.73
15122.01
14909.26
14783.13
14560.88
14604.85
14745.86
14381.64
14109.57
14180.42
14335.51
14409.78
14664.91
14919.54
15099.49
15154.93
15296.02
15313.24
15187.9
15529.12
15482.79
15812.47
15817.18
15833.17
15837.99
16027.06
15933.62
16001.39
15980.11
15961.98
16010.43
15987.6
15947.87
15997.58
15839.67
15877.71
15788.05
16022.49
16084.69
16221.74
16354.25
16562.37
16537.83
16623.45
16729.8
16811.86
16554.16
16757.41
16777.4
16878.46
16906.8
16898.47
16825.93
16543.94
16368.49
16282.01
16305.98
16649.87
16678.7
16793.04
16820.9
16832.92
16830.71
16736.28
16982.29
17314.01
17330.38
17404.21
17499.3
17516.99
17421.01
17596.27
17476.71
17137.24
17344.71
17642.73
