2.122
2.13
2.135
2.162
2.141
2.166
2.202
2.182
2.187
2.12
2.077
2.003
1.895
1.905
1.926
1.893
1.902
1.934
1.877
1.829
1.841
1.819
1.872
1.861
1.862
1.858
1.766
1.788
1.844
1.826
1.837
1.981
1.955
1.92
1.905
1.827
1.847
1.821
1.752
1.684
1.756
1.8
1.827
1.772
1.708
1.778
1.936
1.878
1.841
1.869
1.815
1.729
1.604
1.654
1.604
1.602
1.653
1.659
1.637
1.634
1.69
1.64
1.587
1.552
1.621
1.731
1.852
1.783
1.733
1.724
1.65
1.598
1.686
1.753
1.924
1.821
1.939
1.815
1.746
1.819
1.794
1.869
1.949
1.89
1.993
2.134
1.944
1.894
1.823
1.826
1.72
1.616
1.681
1.646
1.783
1.83
1.771
1.71
1.731
1.722
1.827
1.849
1.774
1.777
1.821
1.822
1.782
1.789
1.767
1.78
1.813
1.731
1.669
1.614
1.638
1.638
1.669
1.664
1.637
1.597
1.482
1.495
1.709
1.751
1.671
1.734
1.876
1.824
1.779
1.805
1.739
1.746
1.778
1.723
1.718
1.641
1.675
1.681
1.785
1.808
1.734
1.8
1.854
1.829
1.799
2.101
2.193
2.191
2.165
2.238
2.153
2.171
2.152
2.182
2.356
2.339
2.417
2.426
2.352
2.448
2.513
2.489
2.461
2.579
2.657
2.63
2.527
2.486
2.487
2.588
2.406
2.323
2.269
2.31
2.362
2.267
2.042
2.048
1.835
1.834
2.125
2.248
2.139
2.101
2.561
2.527
2.527
2.438
2.615
2.52
2.606
2.627
2.741
2.881
2.855
2.636
2.775
2.773
2.795
2.913
3.023
3.007
2.971
3.024
3.019
2.996
3.301
3.354
3.244
3.059
3.046
2.942
2.888
2.859
2.949
3.031
2.976
2.995
2.697
2.692
2.712
2.592
2.65
2.711
2.775
2.896
2.882
2.88
2.78
2.507
2.575
2.406
2.399
2.442
2.553
2.591
2.682
2.682
2.677
2.636
2.7
2.705
2.78
2.608
2.518
2.305
2.467
2.422
2.539
2.581
2.702
2.716
2.729
2.7
2.747
2.753
2.727
2.666
2.737
2.539
2.491
2.446
2.602
2.656
2.76
2.664
2.564
2.85
2.845
2.789
2.935
2.863
2.882
2.835
2.911
2.868
2.912
3.219
3.082
3.069
2.953
2.879
2.854
2.777
2.771
2.777
2.839
2.816
2.746
2.701
2.664
2.662
2.692
2.668
2.6
2.484
2.562
2.528
2.481
2.535
2.582
2.508
2.518
2.57
2.557
2.586
2.623
2.608
2.639
2.511
2.456
2.52
2.522
2.526
2.561
2.619
2.618
2.658
2.68
2.749
2.727
2.692
2.749
2.73
2.79
2.873
2.925
2.911
2.931
2.966
2.967
2.938
2.928
2.958
2.932
2.955
2.969
2.973
2.961
3.109
3.012
2.964
2.925
2.906
2.886
2.913
2.984
2.958
2.986
3.075
3.041
3.097
3.07
3.128
3.129
3.149
3.296
3.352
3.24
3.251
3.253
3.215
3.191
3.258
3.333
3.418
3.496
3.617
3.63
3.65
3.661
3.7
3.596
3.688
3.674
3.749
3.696
3.66
3.614
3.674
3.779
3.876
3.959
4.003
4.06
4.102
3.971
4.044
4.059
3.914
3.935
4.027
4.158
4.14
4.14
4.06
4.089
4.059
3.933
3.861
3.946
3.837
3.852
3.83
3.851
3.945
3.896
3.897
4.184
4.37
4.305
4.377
4.615
4.641
4.712
4.914
5.031
4.938
5.231
5.26
5.46
5.335
5.105
4.985
4.805
4.805
4.976
5.14
5.706
5.841
5.477
5.867
5.619
5.766
6.312
5.675
5.677
5.565
5.345
5.505
5.59
5.687
5.41
4.989
5.088
5.17
5.115
5.28
5.898
5.882
6.202
5.782
5.426
5.186
5.542
5.67
5.716
5.516
5.427
4.979
4.88
5.149
4.791
5.017
5.177
4.816
4.902
5.065
4.789
4.967
5.068
4.854
4.567
4.258
4.056
4.132
3.657
3.708
3.815
3.814
3.925
3.794
3.747
3.802
3.766
3.69
3.834
3.869
3.976
3.731
4.06
4.055
4.024
3.561
3.73
3.815
3.717
3.882
3.812
3.916
4.079
4.249
4.857
4.27
4.262
4.031
3.802
3.999
4.027
4.053
4.277
4.283
4.639
4.874
4.751
5.501
4.888
4.572
4.232
4.248
4.009
3.959
3.941
4.195
4.306
4.717
4.486
4.431
4.623
4.568
4.47
4.402
4.573
4.762
4.722
5.016
4.833
4.527
4.526
4.631
4.725
4.658
4.568
4.748
4.99
4.863
4.9
5.187
5.232
5.401
5.571
5.508
5.336
5.605
5.642
5.72
5.712
6.032
6.029
6.359
6.278
6.643
6.68
6.997
7.3
7.82
7.176
6.937
6.957
6.534
6.669
6.85
7.339
6.888
7.244
7.475
7.954
8.415
8.783
8.043
7.026
7.385
7.64
7.739
7.663
7.956
8.304
8.368
8.308
8.083
8.744
8.796
8.971
8.908
8.727
8.696
8.485
8.523
9.322
9.293
8.699
8.963
8.85
8.609
7.189
7.42
7.464
6.944
6.858
6.239
6.22
6.501
6.551
6.498
5.424
5.73
5.51
6.297
6.034
6.319
6.021
6.589
6.511
6.926
7.382
7.15
7.899
7.815
8.195
8.571
8.825
8.554
8.134
8.229
8.283
7.706
8.266
8.122
8.064
7.589
7.833
8.202
8.874
8.768
8.728
9.329
9.244
9.188
9.336
9.647
9.155
9.3
9.375
9.296
9.353
9.042
9.127
9.262
8.786
7.842
7.954
7.996
8.249
8.284
9.114
8.324
7.764
7.752
7.772
7.827
7.193
6.992
7.014
6.76
6.868
6.874
6.766
6.47
6.837
6.93
6.972
6.748
6.435
6.596
6.435
6.741
6.453
5.999
5.745
5.462
5.358
4.959
5.199
5.613
5.606
5.186
5.684
6.355
5.714
6.268
5.975
6.4
6.944
6.138
5.865
6.239
5.879
5.933
6.034
6.2
6.369
6.303
6.776
6.779
7.308
7.024
6.712
7.235
6.93
6.738
6.169
5.484
5.378
5.617
5.82
6.082
6.416
6.733
6.22
6.589
6.303
5.71
5.216
5.238
4.928
4.98
5.282
4.709
4.559
4.475
3.988
4.172
3.72
3.71
3.91
3.639
3.671
3.695
3.419
3.586
3.311
3.275
3.174
3.222
3.057
2.915
2.848
2.849
2.731
2.741
2.536
2.522
2.48
2.535
2.664
2.477
2.492
2.607
2.499
2.652
2.555
2.485
2.352
2.177
2.174
2.314
2.451
2.731
2.747
2.811
2.765
3.009
2.572
2.687
2.551
2.543
2.43
2.606
2.573
2.546
2.626
2.446
2.331
2.485
2.307
2.283
2.361
2.088
2.03
1.991
2.104
2.216
2.097
2.106
2.155
2.011
2.172
2.186
2.093
2.007
2.114
2.275
2.366
2.222
2.249
2.233
2.273
2.307
2.117
2.355
2.41
2.318
2.214
2.17
2.101
2.137
2.238
2.267
2.191
2.345
2.438
2.375
2.376
2.365
2.592
2.585
2.4
2.321
2.398
2.307
2.181
2.327
2.266
2.158
2.172
2.245
2.262
2.329
2.352
2.254
2.266
2.34
2.342
2.533
2.632
2.492
2.597
2.608
2.729
2.791
2.763
2.603
2.701
2.798
2.709
2.657
2.609
2.582
2.669
2.731
2.597
2.534
2.53
2.504
2.618
2.585
2.731
2.707
2.685
2.73
2.665
2.492
2.638
2.634
2.56
2.477
2.565
2.577
2.725
2.777
2.959
2.763
2.77
2.795
2.659
2.592
2.621
2.551
2.632
2.56
2.497
2.519
2.54
2.579
2.556
2.796
2.768
2.765
2.582
2.51
2.579
2.605
2.608
2.743
2.68
2.708
2.644
2.728
2.848
2.733
2.61
2.637
2.639
2.656
2.764
2.945
2.929
2.84
2.949
2.962
3.166
3.338
3.376
3.382
3.377
3.344
3.236
3.109
3.079
3.056
2.957
2.899
2.926
2.971
3.01
3.214
3.164
3.352
3.575
3.494
3.472
3.515
3.264
3.14
3.106
3.041
3.033
3.197
3.106
3.362
3.239
3.131
2.882
2.846
2.897
2.855
2.794
2.706
2.804
2.802
2.773
2.651
2.667
2.517
2.52
2.504
2.35
2.311
2.335
2.392
2.491
2.503
2.492
2.447
2.572
2.61
2.55
2.619
2.557
2.514
2.568
2.668
2.821
2.893
2.98
3.19
3.039
3.097
3.313
2.9
2.87
2.697
2.519
2.419
2.45
2.641
2.571
2.712
2.49
2.077
2.1
2.05
2.079
