329.81
325.9
335.83
330.75
339.26
335.66
329.05
338.92
338.69
339.07
338.62
339.67
338.11
326.0
349.6
353.16
342.88
348.52
343.16
347.74
345.09
358.0
369.01
369.67
366.95
366.77
371.07
373.69
380.01
381.4
380.4
387.78
386.19
386.0
380.07
368.7
360.09
379.24
371.71
369.03
381.05
368.77
383.79
372.78
368.97
346.49
364.13
349.92
315.25
336.3
298.84
319.75
315.47
332.03
332.83
360.27
357.32
342.39
362.99
357.12
370.96
375.5
364.08
370.08
361.76
379.96
372.28
371.12
370.72
396.72
413.55
426.75
439.17
422.96
437.49
433.83
421.42
426.7
424.99
421.38
403.83
411.89
419.85
415.27
428.15
424.68
434.26
436.53
435.55
440.52
431.82
438.27
441.95
454.19
452.58
451.04
447.67
436.25
429.32
419.89
413.44
419.73
425.92
427.31
421.97
414.33
419.6
419.49
434.05
434.48
425.56
418.07
425.5
436.13
447.77
449.87
453.72
468.04
466.26
457.85
465.91
443.4
447.24
455.04
485.64
476.89
493.16
502.78
507.76
548.73
525.5
524.88
523.26
527.39
492.99
502.41
490.1
489.82
477.58
480.45
495.65
488.51
484.48
485.8
488.88
498.62
509.64
502.11
509.08
494.73
483.38
466.93
475.47
481.33
482.68
482.35
491.87
484.53
497.9
492.31
488.81
490.58
547.53
526.27
523.89
529.56
556.55
552.84
525.75
516.05
500.19
480.67
482.03
476.26
495.99
483.86
470.2
469.96
487.35
491.17
470.61
473.08
482.88
490.65
493.48
500.03
527.51
503.06
520.65
505.87
534.66
531.79
539.44
539.81
554.09
541.45
541.94
530.79
530.72
525.42
489.05
485.23
488.28
488.24
488.93
486.24
504.21
475.74
484.12
487.22
496.95
513.76
514.73
470.5
480.24
490.76
486.77
482.84
479.1
480.63
481.79
484.67
488.24
476.62
482.88
485.0
490.7
504.58
503.38
497.52
498.31
515.78
512.66
493.6
501.09
503.22
522.42
519.78
524.83
532.9
534.45
528.91
527.33
514.48
513.97
519.12
530.87
524.59
540.73
522.86
520.8
500.49
508.89
510.4
499.1
494.25
507.79
500.86
497.98
586.34
579.84
565.17
556.78
561.93
523.28
538.6
532.39
539.04
548.16
539.45
552.16
550.79
547.92
559.07
563.59
557.59
556.52
551.34
548.22
540.22
533.78
546.15
553.41
546.7
538.85
550.64
547.82
520.7
511.29
516.39
493.33
506.44
504.54
523.06
518.02
520.25
524.03
524.44
504.79
512.18
523.11
535.09
520.81
502.86
508.05
513.95
513.39
521.66
539.42
540.67
544.53
546.99
554.58
555.31
552.78
553.73
540.02
549.22
546.54
554.44
549.57
508.9
508.78
505.55
510.3
505.55
506.52
509.0
513.47
509.11
503.18
496.08
499.55
503.84
486.69
495.08
484.98
486.66
493.37
488.94
486.28
487.7
501.67
497.89
502.9
501.34
502.36
503.86
502.81
499.24
489.43
494.74
494.66
492.39
485.81
487.27
488.77
499.89
491.9
492.41
498.34
500.77
497.0
508.82
512.74
518.06
527.07
533.03
533.5
528.21
533.54
533.98
535.96
530.76
535.98
537.31
540.68
547.95
542.95
530.31
532.28
531.05
513.63
511.77
515.41
516.49
518.91
519.3
514.25
517.57
515.15
510.82
517.35
524.89
520.55
519.97
515.84
512.4
510.72
515.92
517.92
518.91
521.87
543.71
546.88
553.33
553.41
547.58
550.12
558.92
566.18
569.19
582.07
588.55
590.53
606.05
597.54
598.72
589.29
577.76
582.87
586.5
589.35
575.43
573.14
590.65
593.26
592.39
592.64
583.85
599.06
610.34
613.15
603.35
634.81
639.1
631.85
632.66
627.04
624.94
629.76
633.8
628.29
637.97
639.0
625.14
653.16
664.78
671.66
668.52
662.92
674.05
690.31
681.17
677.72
688.29
668.4
645.72
651.45
655.99
646.91
657.58
682.61
679.33
687.4
691.69
682.02
678.8
659.2
654.06
658.29
663.84
641.9
617.77
616.47
602.13
612.69
625.58
628.08
611.0
611.66
604.56
597.99
605.04
591.06
586.73
593.74
604.92
614.24
614.09
613.12
610.71
610.54
612.09
602.44
597.37
591.15
567.52
553.29
541.06
539.85
540.84
537.22
519.2
525.69
515.86
508.25
397.5
387.15
366.42
359.7
386.7
384.36
427.14
457.13
429.48
405.6
410.17
402.1
403.53
412.89
406.27
391.31
396.57
407.46
398.08
386.67
391.29
367.46
390.03
390.8
394.52
386.24
380.03
368.07
361.73
350.26
341.76
358.79
356.77
340.32
331.01
343.75
357.53
371.4
380.6
374.59
382.92
374.49
375.71
373.85
378.51
391.82
381.47
374.59
373.47
391.5
380.15
368.35
362.15
355.88
348.0
344.1
350.43
341.13
337.86
348.61
226.19
218.22
215.52
209.91
198.4
188.54
199.52
190.36
199.46
199.87
204.01
188.32
180.97
173.1
177.66
166.37
174.31
187.64
186.51
190.56
177.19
183.48
186.35
187.44
180.34
187.83
191.4
195.19
192.91
205.09
198.98
197.14
198.61
202.83
192.77
182.94
169.69
167.54
180.11
173.35
175.51
178.89
181.71
190.85
189.14
179.6
178.36
174.87
179.95
184.06
189.27
186.98
177.34
174.45
176.56
174.78
189.11
190.92
201.63
216.44
223.88
220.44
218.51
213.91
226.75
226.02
224.9
226.21
221.42
226.73
229.91
226.78
233.49
229.94
244.11
242.7
249.3
249.11
245.69
241.15
245.17
241.16
226.54
224.55
229.61
233.98
223.28
224.57
220.65
223.56
230.04
226.11
228.96
227.44
233.57
236.53
218.13
224.12
235.38
240.13
243.63
242.85
236.87
237.05
226.41
224.07
224.36
245.2
239.71
235.44
239.04
240.74
236.73
240.02
224.75
229.98
214.29
220.87
232.51
230.0
245.1
240.86
272.38
268.16
289.57
282.45
291.02
298.62
296.94
295.72
291.88
286.75
273.0
269.06
260.79
258.6
263.46
254.66
274.97
290.13
299.27
310.2
306.02
295.28
287.98
285.05
286.69
291.5
285.54
281.17
280.96
305.53
316.95
320.41
312.59
305.56
308.42
310.26
320.01
315.18
320.34
317.83
290.41
290.71
288.3
288.19
297.96
297.75
294.96
284.17
276.88
291.12
294.88
294.95
309.41
309.7
315.55
315.17
327.54
327.26
330.13
332.82
326.22
326.33
315.78
342.5
357.42
363.83
367.96
364.87
360.77
353.11
353.86
361.99
366.89
365.9
361.48
362.95
366.83
362.5
347.36
358.57
359.96
361.42
350.71
347.96
337.5
334.88
323.65
317.15
323.03
322.13
313.48
311.88
315.18
312.03
308.47
311.79
297.78
292.76
293.51
294.94
303.79
310.06
303.5
305.13
305.79
293.9
320.37
328.39
327.66
323.52
332.03
338.43
345.48
348.28
346.75
342.35
339.33
338.99
338.21
331.03
346.19
338.63
332.72
333.7
323.12
325.35
327.98
329.02
322.55
321.15
325.85
329.93
324.12
317.55
319.3
320.78
322.76
331.21
332.14
335.42
344.76
339.89
335.89
333.75
339.96
371.29
365.36
363.01
355.99
364.85
359.0
378.88
392.98
395.23
403.13
400.47
403.54
399.29
399.77
409.37
420.02
423.97
435.73
440.86
445.27
431.96
434.7
424.45
422.48
424.02
415.94
417.08
429.84
428.24
440.49
441.44
445.9
438.84
438.1
441.71
440.21
444.05
450.38
441.91
450.05
474.8
477.59
437.42
427.5
428.37
427.7
422.67
413.17
425.78
438.97
438.62
429.7
431.0
431.6
440.76
438.3
428.9
429.98
421.66
427.78
423.7
415.45
403.0
404.53
408.29
413.17
427.55
406.93
416.03
418.06
429.99
434.67
433.68
439.88
448.68
445.76
443.14
442.8
445.36
434.69
412.24
400.49
396.94
394.4
396.2
386.3
384.15
379.81
384.8
379.25
377.59
376.36
377.6
380.33
376.75
376.9
372.59
381.51
385.95
373.32
365.93
361.2
355.68
360.82
355.72
346.19
401.77
400.96
406.84
413.73
411.25
403.54
397.87
410.08
411.69
420.19
424.71
432.36
434.74
434.61
436.65
435.15
447.24
444.62
448.65
461.94
466.95
465.91
474.47
474.95
478.0
479.56
479.17
479.0
477.19
473.97
465.74
453.9
455.15
446.73
452.0
453.76
459.89
463.0
479.98
469.83
472.06
486.12
495.02
489.27
491.61
486.76
491.19
491.79
490.51
486.88
468.5
470.26
474.67
474.06
485.03
482.09
478.33
492.23
492.16
481.24
480.33
485.31
482.95
485.71
492.19
544.87
562.0
570.42
575.79
562.85
564.11
567.51
564.64
