59.98
59.02
59.27
59.98
60.09
60.76
61.08
62.99
61.82
61.39
62.23
62.32
61.98
62.51
63.22
62.62
60.05
61.99
61.38
61.45
59.11
60.08
61.78
62.69
63.56
62.9
65.74
66.97
68.14
67.69
72.45
74.14
78.67
77.17
73.52
68.32
65.51
66.91
63.15
67.52
69.11
66.47
71.13
68.32
66.51
61.36
65.27
61.62
54.08
60.21
49.1
54.32
50.7
53.24
51.44
53.17
62.3
61.41
64.31
63.18
66.4
65.9
60.77
63.87
60.98
67.1
64.76
66.74
65.74
67.46
70.99
70.21
73.67
73.08
71.76
67.38
71.54
71.0
72.4
74.27
72.84
74.61
73.07
70.69
72.82
73.44
74.45
76.22
78.12
80.66
78.03
77.8
80.31
84.91
87.5
88.06
89.7
87.75
90.26
85.25
84.87
88.75
88.06
88.25
87.69
87.67
89.2
88.05
90.46
93.67
87.96
89.33
91.74
90.69
92.36
92.18
92.61
95.27
94.5
92.36
94.9
91.55
92.0
94.98
95.3
96.12
98.72
102.16
105.09
104.79
100.52
103.77
102.27
101.35
102.02
105.11
103.29
104.39
101.3
101.94
104.21
102.15
104.65
106.14
106.15
110.1
112.28
112.87
113.36
112.0
111.65
108.5
114.4
114.43
115.64
123.37
122.61
121.39
121.41
126.83
127.2
127.5
127.73
126.28
131.48
133.74
138.21
143.46
130.15
126.22
127.15
123.12
121.64
128.72
129.91
125.14
124.64
121.89
125.17
126.38
121.24
123.48
128.74
130.35
132.26
135.3
136.15
130.62
136.43
137.37
139.64
138.39
137.63
142.26
142.48
140.95
139.7
138.12
134.98
136.46
135.25
133.61
135.9
131.41
133.97
126.27
130.24
125.34
125.81
130.2
137.94
141.6
145.62
136.31
127.7
134.18
134.57
132.97
135.15
134.22
134.29
134.4
130.88
131.4
129.58
132.35
134.01
133.9
135.45
133.96
135.58
136.07
133.5
129.31
129.72
130.13
133.09
133.6
132.43
133.41
132.72
133.32
132.78
130.09
129.94
129.0
129.43
131.46
130.55
131.13
134.05
126.14
133.44
132.77
136.21
134.85
135.32
132.0
128.6
133.66
138.68
137.13
136.53
134.35
129.18
130.51
129.9
132.37
135.57
135.3
136.64
135.91
144.39
142.63
147.64
152.51
149.61
149.06
148.29
149.26
143.56
141.42
144.99
133.07
137.15
138.42
134.06
128.05
123.7
124.61
115.93
125.2
124.68
129.93
128.56
131.91
132.91
133.41
127.22
128.46
131.86
130.71
126.43
125.35
128.39
129.48
128.72
133.48
138.12
139.88
138.62
141.43
143.17
144.0
152.09
156.79
152.77
161.37
159.13
153.62
151.71
153.6
148.5
152.65
154.78
153.82
152.77
153.25
150.1
148.37
143.51
144.59
145.23
148.12
142.66
143.06
137.59
136.65
142.43
141.65
140.16
140.66
146.13
149.92
156.12
156.48
157.0
154.88
162.45
167.78
169.7
175.78
176.19
174.57
173.58
174.25
178.25
180.19
177.88
178.1
186.57
186.39
184.27
188.87
190.57
192.05
190.31
199.85
200.27
200.02
202.12
204.87
203.72
199.03
200.5
205.13
202.5
198.41
189.66
181.61
187.8
186.12
194.1
195.94
195.58
192.94
192.08
195.03
196.62
194.99
197.5
198.15
202.74
206.37
203.66
202.95
199.36
196.99
199.05
201.88
199.5
194.58
190.4
197.98
208.16
219.58
217.93
222.13
220.68
226.36
226.88
223.85
224.41
223.96
228.43
223.39
221.77
224.78
221.52
222.42
223.41
222.42
219.0
211.13
212.46
219.41
224.82
220.81
216.6
206.99
205.17
207.16
207.42
197.32
204.51
207.0
210.75
208.31
206.95
206.71
209.39
217.46
218.62
222.22
222.9
221.03
226.92
227.26
231.66
247.17
244.51
249.41
255.67
258.27
264.01
265.98
298.01
297.52
308.04
306.57
294.59
303.9
303.9
300.25
302.03
292.61
316.75
329.85
319.56
317.46
326.74
333.76
326.76
314.35
321.26
306.93
300.37
324.27
318.26
304.9
301.98
281.61
283.37
304.59
283.87
278.01
277.19
290.75
294.0
296.4
309.45
303.22
300.01
295.86
294.11
301.21
292.9
276.04
281.78
272.47
274.0
278.17
279.99
265.75
269.42
250.67
241.5
233.74
233.72
223.24
227.72
219.44
228.4
244.86
246.38
252.42
239.48
243.19
247.28
251.08
267.05
258.24
239.49
242.67
264.95
265.11
245.07
236.42
223.87
237.48
241.57
243.85
234.77
242.2
237.14
229.36
213.52
215.14
230.14
226.58
221.0
213.3
229.73
244.96
247.66
264.53
267.34
265.24
256.34
281.5
276.92
282.19
286.56
276.9
272.86
267.12
273.6
259.31
244.07
242.08
231.19
219.17
215.04
222.03
212.58
217.83
221.98
214.82
201.83
195.15
199.02
187.88
184.15
197.82
185.47
195.33
196.02
203.34
188.44
186.75
169.5
175.95
166.3
161.75
177.06
172.64
181.77
169.38
171.24
166.94
168.98
161.54
169.75
178.51
188.11
183.2
195.92
187.2
187.86
189.26
186.48
180.48
169.74
156.47
158.36
165.27
156.01
158.8
163.6
162.25
171.26
168.69
159.82
155.42
151.59
145.23
151.3
158.58
158.38
151.52
150.82
151.64
153.72
157.62
161.01
169.92
178.07
180.5
173.19
170.24
165.33
177.9
179.84
181.63
184.41
185.26
188.93
192.15
189.89
177.93
170.86
180.97
179.42
187.09
190.32
188.79
183.35
187.73
178.49
170.34
171.81
172.22
179.13
162.6
158.01
154.68
150.94
139.37
136.47
137.14
139.9
143.87
145.05
131.31
131.28
129.29
131.98
133.82
131.76
132.61
125.61
125.16
122.28
124.13
127.36
122.2
121.39
125.12
131.67
132.09
131.3
120.76
116.7
115.86
115.0
119.6
112.27
118.88
119.67
120.51
121.94
124.66
125.99
132.61
128.96
131.76
138.34
134.97
135.43
132.19
134.21
141.56
143.01
146.02
137.76
157.5
163.27
162.95
166.66
159.1
156.77
154.09
153.17
160.38
165.19
162.7
158.27
156.39
169.23
171.35
168.76
166.1
159.87
161.2
171.69
170.01
175.35
180.72
176.74
169.52
165.71
162.54
160.85
165.01
153.39
152.06
141.21
140.36
146.03
146.14
143.15
147.49
142.65
148.59
156.28
159.09
160.01
165.11
168.99
177.02
173.77
167.65
178.39
191.93
192.65
193.23
198.02
203.65
191.62
195.37
209.43
217.09
211.0
210.89
221.73
222.05
223.37
212.65
217.88
229.71
227.64
220.02
213.88
206.55
207.54
236.64
232.86
235.01
232.16
226.98
233.14
238.9
235.54
232.88
241.81
234.36
229.65
229.66
240.63
242.28
255.41
257.25
259.0
261.99
264.68
271.91
267.79
265.31
264.1
269.84
273.83
277.77
279.65
274.53
268.81
270.37
275.79
271.69
264.95
264.63
267.58
270.02
276.67
279.31
271.04
271.19
270.42
262.41
269.56
272.26
277.49
289.1
282.1
278.02
275.62
286.8
291.51
285.71
288.85
285.78
283.4
289.53
292.13
301.78
316.78
312.64
311.76
306.88
305.38
379.8
389.46
401.11
378.34
397.7
393.27
391.71
386.54
374.75
385.1
387.7
394.82
410.22
429.97
426.53
426.92
438.08
430.45
430.25
422.09
406.32
418.76
411.17
408.22
423.02
424.13
423.17
421.03
425.03
421.8
424.05
439.02
459.77
454.69
464.61
474.94
470.77
455.2
443.09
446.12
456.79
454.52
459.0
467.5
467.29
465.07
442.69
445.15
446.8
454.17
446.64
425.54
423.88
408.55
437.53
439.4
434.86
433.43
432.99
469.67
456.68
471.16
471.63
460.18
468.35
487.84
492.64
493.55
485.09
485.48
470.61
462.41
455.72
451.78
448.7
454.85
455.81
439.0
439.66
435.2
422.39
410.17
416.1
422.22
419.11
424.68
430.89
434.99
447.82
435.17
440.41
446.88
457.62
452.73
457.98
468.06
469.45
454.61
460.95
439.38
421.96
421.01
413.87
429.75
436.63
417.79
403.26
405.0
411.61
407.8
423.25
435.06
450.05
457.51
459.55
465.74
469.5
483.35
486.2
496.56
488.88
494.8
492.98
504.09
499.44
487.16
477.76
482.42
478.21
481.4
467.7
467.65
455.1
465.66
455.03
465.96
475.06
466.27
476.57
480.88
483.5
488.9
500.77
496.04
481.11
489.9
488.3
492.79
494.17
495.22
495.22
481.68
475.69
479.98
490.97
522.53
531.4
543.5
548.22
547.1
563.82
560.53
571.07
594.91
596.54
598.73
613.62
616.17
610.31
624.65
627.74
615.27
630.27
661.6
