986.9
988.55
969.35
977.75
961.0
973.6
984.3
980.6
989.25
1031.5
1015.3
1027.05
1000.8
1022.6
1009.05
1010.25
991.3
990.7
982.5
981.85
962.65
971.3
966.65
984.2
968.9
970.15
965.45
971.75
963.95
972.0
967.4
995.8
1010.85
986.05
976.75
966.15
935.7
911.4
903.65
866.35
868.8
878.25
875.7
872.95
904.35
872.2
873.5
863.2
762.65
763.3
666.15
669.0
642.1
595.2
611.4
665.15
734.6
733.6
741.15
738.4
723.7
718.65
719.1
729.15
724.6
746.45
738.7
736.45
751.5
754.3
819.2
801.45
805.5
791.25
788.6
757.9
768.9
791.3
781.25
776.65
794.3
810.65
805.5
778.6
780.3
781.55
764.75
781.5
791.05
781.0
768.2
776.45
785.6
821.45
862.5
893.55
931.75
869.3
886.6
879.3
863.45
873.1
900.3
872.7
858.15
866.15
834.5
864.05
859.95
850.0
812.55
820.4
831.05
841.25
833.8
814.7
824.6
844.5
843.85
796.95
809.4
804.0
832.3
852.6
836.45
827.65
861.6
881.7
853.55
841.5
849.9
843.85
846.35
833.7
850.9
862.8
926.85
962.4
949.55
955.35
995.9
987.65
959.35
920.55
919.7
938.0
961.0
994.9
1020.8
977.4
1009.4
978.4
966.1
989.9
965.8
974.5
982.1
962.7
933.7
932.8
931.7
941.4
947.3
930.1
949.1
947.4
961.4
912.3
897.0
905.3
930.7
947.2
946.0
965.4
989.1
980.4
938.7
946.1
884.7
866.2
850.8
845.3
849.2
888.2
897.7
909.2
906.0
891.4
904.7
870.3
866.8
864.0
894.3
876.3
873.3
863.4
861.3
869.3
863.5
877.3
893.9
884.0
906.7
877.4
886.8
875.0
853.8
852.4
863.3
877.8
873.2
902.8
902.8
870.4
896.3
871.8
887.6
900.0
931.3
940.8
953.7
954.5
961.1
935.9
962.8
971.3
970.5
1008.3
1016.1
1042.0
1076.4
1053.5
1041.0
1022.4
1031.7
1026.3
1020.2
1044.1
1040.7
1055.8
1049.0
1021.7
1015.8
1023.9
1035.0
1049.1
1060.7
1078.5
1079.2
1071.5
1119.6
1110.2
1124.6
1071.3
1044.6
1067.8
1110.7
1126.4
1089.9
1116.4
1128.0
1111.6
1104.7
1107.4
1079.0
1076.5
1083.4
1140.3
1097.8
1116.9
1105.2
1136.1
1177.3
1196.6
1249.7
1249.8
1261.5
1261.4
1278.3
1297.1
1286.4
1244.1
1259.2
1235.7
1189.3
1195.1
1218.6
1186.6
1139.9
1132.9
1156.6
1180.0
1206.6
1207.0
1204.4
1213.9
1223.4
1203.6
1221.6
1204.1
1188.1
1178.8
1184.8
1158.5
1181.7
1183.4
1160.6
1191.5
1208.6
1209.8
1240.5
1231.9
1235.4
1209.3
1174.8
1157.1
1177.4
1200.2
1208.7
1206.5
1196.3
1214.7
1208.5
1233.1
1245.2
1249.5
1212.2
1201.1
1208.7
1233.6
1235.3
1232.3
1260.9
1257.9
1269.0
1244.8
1229.2
1209.7
1226.1
1247.9
1228.7
1205.0
1208.5
1173.4
1181.6
1201.0
1201.6
1183.4
1186.6
1196.7
1166.6
1168.5
1178.8
1166.4
1155.7
1150.1
1155.0
1169.2
1152.7
1145.9
1059.1
1045.2
1054.1
1072.9
1089.5
1096.1
1105.7
1099.2
1070.6
1072.9
1080.9
1087.7
1081.9
1074.5
1095.7
1123.0
1111.2
1128.1
1137.7
1108.5
1071.4
1065.2
1075.3
1090.6
1061.4
1070.0
1049.5
1058.1
1070.6
1051.5
1058.9
1049.9
1024.1
1008.4
974.9
973.6
989.2
1017.9
1020.1
1028.2
1023.1
996.2
998.6
972.8
995.7
1015.9
1013.0
996.5
978.5
1007.4
1004.9
1016.9
1002.4
996.9
1024.5
979.1
977.5
959.6
960.2
941.1
932.9
925.6
932.6
899.4
950.8
999.8
995.4
976.3
977.8
961.3
947.0
962.4
973.6
961.6
959.8
977.2
985.3
1028.2
1006.9
1011.7
1024.2
1052.3
1058.9
1037.9
1047.1
1052.3
1049.7
1052.1
1063.8
1032.9
1019.3
1025.3
1021.7
1068.1
1040.3
1023.3
1030.3
1036.9
1061.1
1062.4
1077.9
1095.5
1090.1
1097.8
1075.6
1070.1
1057.5
1037.6
1016.7
966.1
977.4
966.4
929.2
936.6
934.0
927.1
937.4
951.0
957.0
938.6
935.1
924.9
911.0
894.1
927.1
932.9
922.6
924.4
963.7
972.2
971.0
979.8
969.7
964.6
966.2
954.0
971.2
1001.9
960.7
956.5
933.6
973.2
980.1
972.2
964.6
1028.4
1050.8
1035.1
1020.3
1025.5
1045.9
1021.8
1006.4
1019.9
1022.6
1043.2
1030.3
1024.6
1020.7
1036.9
1038.1
1043.0
1019.6
1028.7
1020.2
1062.9
1091.9
1077.4
1092.4
1062.4
1051.1
1039.8
1052.9
1068.2
1080.9
1116.6
1116.0
1151.4
1105.8
1092.8
1086.1
1050.8
1002.6
1007.8
1030.8
1036.1
1045.3
1026.6
1023.3
1033.7
1010.7
993.8
977.0
1001.2
995.8
988.6
991.0
973.1
953.1
958.0
975.6
977.8
972.4
989.6
994.2
1020.5
988.7
987.0
967.8
927.4
905.0
912.1
910.4
913.3
940.5
933.8
959.2
979.6
973.4
956.2
937.6
946.2
988.6
931.6
931.5
926.9
944.0
925.0
953.5
940.9
951.2
944.4
930.8
938.1
945.1
997.7
1029.2
1017.8
1031.5
1014.9
1013.6
977.9
972.9
935.4
913.2
925.5
951.3
930.8
926.1
903.7
903.3
900.3
908.3
909.9
895.3
871.3
840.9
865.8
882.8
860.7
828.1
837.8
817.3
830.9
856.0
858.9
846.5
858.7
867.2
869.3
864.4
877.2
878.6
891.6
903.5
906.4
890.1
926.0
926.1
939.9
934.2
947.6
960.7
960.9
935.1
932.0
920.0
905.9
889.4
869.4
877.7
870.6
878.1
859.7
855.8
836.6
831.6
810.1
822.3
848.6
866.5
877.5
904.2
883.4
904.5
902.2
896.1
912.6
914.5
911.7
899.0
856.5
844.9
839.7
865.4
861.5
860.9
900.1
933.7
914.6
921.8
917.9
895.8
899.1
881.0
896.4
894.9
913.6
907.3
881.1
915.1
933.9
926.6
919.7
962.5
967.4
946.4
930.1
950.5
950.9
924.1
960.5
989.4
1011.95
998.1
1047.0
1044.75
1033.0
1022.4
1016.2
991.5
984.3
989.95
1008.7
1009.8
1000.8
1012.3
1008.6
1039.3
1054.9
1026.6
1007.5
995.4
1011.5
1014.6
1036.2
1008.0
1038.9
1038.7
1013.2
1000.0
987.7
1013.0
1002.0
984.6
1029.6
1032.7
1019.8
1065.0
1082.9
1093.3
1092.3
1069.6
1104.3
1098.6
1088.5
1084.3
1084.3
1072.5
1046.9
1043.7
1041.1
1047.8
1056.3
1066.8
1046.1
1023.0
1016.8
1020.6
1021.1
1001.7
1032.6
980.3
974.6
986.2
987.2
964.2
951.8
959.4
939.2
917.8
931.0
921.4
945.55
953.0
945.2
907.6
941.9
955.5
961.8
963.2
979.4
978.6
936.3
940.6
949.3
962.2
1004.9
997.3
970.3
977.1
978.6
996.8
976.7
987.0
992.9
983.9
982.5
971.9
985.5
1002.4
1003.1
996.4
1029.0
1007.4
1016.8
1002.9
1005.1
1027.5
1065.5
1054.0
1059.6
1097.3
1105.7
1107.6
1138.7
1097.7
1098.2
1106.0
1093.2
1090.1
1064.7
1078.3
1061.8
1053.55
1068.3
1087.7
1116.0
1119.1
1105.0
1067.0
1082.8
1075.0
1090.7
1066.3
1083.8
1085.4
1065.7
1037.6
1034.4
1036.2
1021.9
999.0
1010.1
1003.5
1036.4
1038.7
1024.6
1013.9
1012.8
995.3
981.9
980.0
991.9
987.3
968.0
949.0
926.5
923.7
932.9
934.0
924.7
906.8
913.2
916.0
925.0
909.7
918.5
934.8
932.4
956.6
983.4
984.3
987.5
994.4
984.8
964.1
972.2
969.5
976.6
972.0
945.0
943.7
958.6
940.4
930.4
921.8
928.5
926.9
904.45
892.7
914.8
914.6
906.8
892.2
891.3
900.15
916.25
910.4
921.4
935.1
939.9
945.1
969.1
983.0
983.3
974.4
968.7
933.5
915.3
909.6
894.8
902.3
912.8
905.2
911.1
929.5
938.3
948.4
942.3
924.6
934.1
923.6
914.2
896.3
915.1
915.9
886.8
879.6
874.2
862.5
881.5
888.8
890.2
893.0
875.8
884.2
899.4
906.2
894.3
898.2
905.1
905.0
891.9
912.4
909.0
901.5
939.9
944.9
934.9
930.6
940.95
917.6
898.55
871.5
864.3
845.6
863.6
890.7
901.25
898.4
905.0
923.4
941.4
925.8
932.4
918.0
944.7
941.4
935.9
936.1
925.1
906.6
893.7
912.0
919.8
915.7
931.0
922.1
967.9
952.6
954.3
965.8
974.0
970.3
981.8
995.6
1013.5
1023.2
1009.2
998.3
987.1
966.3
971.8
959.4
943.5
929.6
919.6
921.1
904.4
889.6
912.0
907.0
903.0
905.5
914.9
894.5
921.3
938.3
931.7
932.6
922.3
901.6
