18.046
18.151
18.179
18.393
18.167
17.936
18.105
17.996
17.742
17.988
17.939
18.073
17.808
17.828
17.829
18.113
18.056
17.458
17.487
17.992
18.012
17.67
17.561
17.602
17.818
17.692
17.785
17.597
17.497
17.619
17.734
18.192
18.311
18.319
18.53
18.876
18.191
17.834
17.735
16.457
16.739
17.188
17.246
17.393
17.263
17.054
16.955
16.776
16.005
14.5
12.816
12.495
11.772
12.134
12.385
13.261
14.257
14.873
14.676
14.534
14.132
14.156
13.984
14.654
14.494
15.169
15.48
15.205
16.053
15.537
16.13
15.505
15.622
15.295
15.614
14.876
15.335
15.357
15.263
15.21
15.171
15.315
14.973
14.938
14.796
15.11
15.015
15.59
15.778
15.68
15.709
15.671
16.156
17.07
17.468
17.901
18.031
17.364
17.693
17.757
17.967
18.499
18.827
18.26
17.958
18.061
17.479
17.893
17.794
17.796
17.889
17.482
17.399
17.652
17.775
17.508
17.847
17.902
18.063
17.67
17.895
18.168
18.064
18.637
18.218
18.322
18.699
19.161
18.962
19.053
19.788
19.53
19.761
19.573
19.764
20.192
21.557
23.144
22.988
22.85
24.501
24.3
24.321
23.362
24.216
24.417
26.028
26.89
28.4
27.54
29.261
26.049
25.979
27.718
26.089
27.667
28.075
27.34
27.147
26.732
26.607
26.273
27.449
27.025
27.79
28.594
28.645
27.395
26.875
26.712
27.083
27.291
26.857
27.355
27.464
27.476
27.1
27.129
24.387
24.523
23.105
23.196
23.093
23.604
24.445
23.494
24.254
24.029
24.56
23.921
23.896
23.876
25.108
25.271
24.129
24.395
24.224
24.405
24.698
24.98
25.241
24.709
24.675
24.42
24.57
23.359
23.36
23.646
24.033
24.334
23.893
25.191
25.662
23.701
24.462
24.267
24.306
24.775
24.802
24.651
24.448
24.048
24.363
23.633
23.3
23.362
22.593
24.09
24.08
24.137
24.253
24.794
24.736
23.99
24.094
24.092
24.047
24.644
25.052
26.181
26.033
26.379
25.535
25.921
25.908
26.539
26.217
26.573
26.412
27.364
27.64
27.042
27.261
24.637
25.284
25.435
25.572
25.802
24.866
25.766
25.854
25.556
25.484
25.538
25.389
25.922
26.914
29.418
26.402
26.889
26.234
27.019
27.576
27.402
27.078
27.047
27.328
27.315
27.078
27.254
28.085
27.688
27.859
27.685
26.44
26.678
26.879
26.387
25.461
25.287
25.269
26.183
26.13
26.193
25.911
26.288
26.003
26.058
26.351
26.321
25.769
25.227
25.231
25.047
25.114
24.771
24.137
24.532
24.948
24.78
25.227
25.247
25.585
25.325
24.867
25.426
25.524
25.964
26.105
25.837
25.84
26.57
26.18
26.075
26.209
26.41
26.085
26.085
25.873
26.96
26.558
26.522
27.477
27.477
27.492
27.667
27.244
27.059
27.365
28.274
28.333
28.025
28.067
27.486
27.905
28.056
27.877
27.94
28.014
28.204
27.477
27.896
28.018
27.731
28.002
28.031
28.146
28.039
27.693
27.812
25.856
25.969
26.025
25.857
26.111
26.05
26.087
26.223
25.901
26.194
26.1
26.501
26.129
25.987
26.234
26.239
26.14
26.271
26.394
25.795
25.144
24.995
25.255
25.381
25.233
25.318
24.649
24.877
25.782
25.547
25.575
25.582
25.461
25.292
24.326
23.269
23.392
23.488
23.116
23.779
23.791
23.659
23.422
23.23
23.112
23.656
23.894
23.775
23.55
24.11
24.006
24.006
24.221
23.918
24.802
24.056
24.177
23.9
23.796
23.885
23.801
22.794
22.337
22.204
22.611
22.907
22.679
22.425
22.694
22.467
21.485
22.047
22.536
22.644
22.608
22.532
22.658
22.705
22.665
22.514
23.17
23.477
23.349
23.264
23.883
24.445
24.17
24.449
24.592
24.088
24.191
24.12
23.949
24.073
23.507
23.231
23.911
24.157
24.542
24.318
24.772
25.301
25.346
25.105
24.944
25.167
24.9
24.781
24.297
23.435
23.496
22.852
22.815
22.339
22.316
22.481
22.263
22.523
22.432
22.013
22.195
22.328
21.924
21.545
22.485
22.533
22.291
22.529
22.819
22.94
22.989
23.121
22.858
23.06
23.352
22.81
23.056
23.17
22.19
22.409
22.462
22.812
23.207
23.162
22.918
24.231
24.716
24.32
23.8
23.896
23.807
22.676
22.301
22.393
22.595
22.707
22.375
22.475
23.076
23.2
23.341
23.522
23.369
23.848
23.342
23.605
23.875
23.992
24.553
24.687
24.017
24.366
25.541
25.19
25.212
25.789
25.72
26.895
25.816
26.256
26.16
25.298
25.158
24.71
25.616
25.087
25.313
24.904
25.189
25.92
25.615
25.196
24.736
25.113
25.133
24.654
24.59
24.534
24.458
24.735
24.823
24.987
25.735
26.03
25.7
26.15
25.391
25.271
24.621
24.259
23.67
23.544
23.46
23.181
23.085
22.584
22.665
22.402
22.443
22.367
21.82
21.424
21.575
20.773
21.001
21.551
21.75
21.544
21.908
21.674
21.723
22.063
21.87
21.965
22.096
21.915
22.275
21.908
22.092
22.178
22.094
21.817
21.931
21.255
20.954
21.42
21.885
21.587
21.421
21.042
21.125
21.168
20.806
20.738
20.352
19.667
19.159
19.188
19.236
19.132
18.958
19.194
18.225
18.594
18.84
18.713
18.668
18.719
18.617
18.328
18.535
18.6
19.868
20.197
20.362
20.139
19.894
20.122
19.842
20.614
20.482
20.742
20.349
20.698
20.272
20.085
19.731
19.464
19.069
18.878
19.026
18.907
19.12
18.746
18.557
18.287
17.882
17.666
17.881
18.26
18.442
18.767
19.86
19.491
19.569
19.269
19.381
19.358
19.183
19.48
19.617
18.91
18.48
18.337
18.88
18.712
19.039
20.589
21.099
20.544
20.66
20.255
19.615
19.487
18.938
18.918
18.071
18.719
18.6
18.359
18.689
19.066
19.189
19.349
19.486
19.494
19.147
19.119
19.667
19.594
19.43
20.784
20.919
21.502
21.327
21.702
21.667
22.113
21.518
21.524
20.975
20.997
20.872
21.229
21.526
21.609
21.125
21.436
21.781
22.841
23.25
22.417
22.335
22.922
23.246
23.717
23.403
23.99
24.136
23.305
23.328
23.199
24.271
24.194
23.622
23.92
24.217
23.84
24.25
24.04
24.236
23.964
23.424
23.982
23.871
23.665
23.481
23.914
24.279
23.978
23.569
23.791
23.86
23.481
23.665
23.846
23.937
23.534
23.733
23.836
23.609
23.615
22.405
22.237
22.177
22.42
22.143
22.075
21.852
21.873
21.572
21.71
21.715
21.89
21.677
21.306
20.81
20.67
20.961
20.959
20.766
21.238
20.984
20.054
20.005
20.025
20.375
21.793
21.929
21.774
21.588
22.351
22.533
22.324
22.675
23.144
23.247
23.075
23.345
23.391
23.989
24.156
24.021
25.101
25.037
25.093
24.912
25.186
25.458
25.925
25.46
25.088
25.484
25.59
25.595
25.28
25.524
25.088
25.071
25.209
25.226
25.23
25.619
25.681
26.358
25.93
25.834
25.898
25.658
24.424
24.154
24.175
23.783
23.789
23.523
23.948
23.743
23.509
23.132
22.803
23.248
23.239
23.587
23.987
23.747
23.635
23.67
23.529
24.348
24.41
24.059
23.822
24.105
23.891
24.076
23.193
22.774
22.436
22.328
22.805
22.939
22.868
22.591
22.81
23.112
23.402
22.89
23.289
23.345
23.281
24.31
24.949
25.194
25.018
25.256
25.387
24.992
24.855
24.451
24.695
24.841
24.243
24.495
24.972
24.326
23.872
23.697
23.716
23.232
22.807
22.731
22.821
22.743
22.708
22.656
22.535
22.715
22.733
23.659
23.763
24.71
24.575
24.583
24.605
25.139
25.104
24.812
24.562
23.873
23.503
23.24
23.174
23.383
23.402
23.181
22.994
23.386
23.498
23.456
23.836
23.687
23.844
23.385
23.196
22.724
22.741
22.45
21.421
21.377
21.146
21.019
21.723
21.924
21.953
22.133
21.959
22.895
22.765
23.024
23.099
23.031
23.504
23.095
22.999
22.895
22.795
22.774
23.396
22.952
22.79
22.846
23.285
23.234
22.589
22.728
22.905
22.281
22.358
23.132
23.538
23.933
23.852
23.959
24.221
24.033
24.692
25.038
25.302
25.443
25.66
25.857
24.907
24.546
24.228
24.059
23.276
23.058
23.016
22.921
24.386
24.154
24.107
24.321
24.631
24.585
24.565
24.396
24.57
24.372
24.025
23.953
23.157
23.187
23.315
23.31
23.091
22.956
22.595
23.218
22.983
22.559
22.699
22.601
22.183
22.354
22.769
22.814
22.758
23.134
23.225
23.169
23.236
22.796
