3257.85
3234.85
3246.28
3237.18
3253.05
3274.7
3265.35
3288.13
3283.15
3289.29
3316.81
3329.62
3320.79
3321.75
3325.54
3295.47
3243.63
3276.24
3273.4
3283.66
3225.52
3248.92
3297.59
3334.69
3345.78
3327.71
3352.09
3357.75
3379.45
3373.94
3380.16
3370.29
3386.15
3373.23
3337.75
3225.89
3128.21
3116.39
2978.76
2954.22
3090.23
3003.37
3130.12
3023.94
2972.37
2746.56
2882.23
2741.38
2480.64
2711.02
2386.13
2529.19
2398.1
2409.39
2304.92
2237.4
2447.33
2475.56
2630.07
2541.47
2626.65
2584.59
2470.5
2526.9
2488.65
2663.68
2659.41
2749.98
2789.82
2761.63
2846.06
2783.36
2799.55
2874.56
2823.16
2736.56
2799.31
2797.8
2836.74
2878.48
2863.39
2939.51
2912.43
2830.71
2842.74
2868.44
2848.42
2881.19
2929.8
2930.32
2870.12
2820.0
2852.5
2863.7
2953.91
2922.94
2971.61
2948.51
2955.45
3036.13
3029.73
3044.31
3055.73
3080.82
3122.87
3112.35
3193.93
3232.39
3207.18
3190.14
3002.1
3041.31
3066.59
3124.74
3113.49
3115.34
3097.74
3117.86
3131.29
3050.33
3083.76
3009.05
3053.24
3100.29
3115.86
3130.01
3145.32
3169.94
3152.05
3185.04
3155.22
3197.52
3226.56
3215.57
3224.73
3251.84
3257.3
3276.02
3235.66
3215.63
3239.41
3218.44
3258.44
3246.22
3271.12
3294.61
3306.51
3327.77
3349.16
3351.28
3360.47
3333.69
3380.35
3373.43
3372.85
3381.99
3389.78
3374.85
3385.51
3397.16
3431.28
3443.62
3478.73
3484.55
3508.01
3500.31
3526.65
3580.84
3455.06
3426.96
3398.96
3339.19
3340.97
3383.54
3401.2
3385.49
3357.01
3319.47
3281.06
3315.57
3236.92
3246.59
3298.46
3351.6
3335.47
3363.0
3380.8
3348.44
3408.63
3360.95
3419.45
3446.83
3477.13
3534.22
3511.93
3488.67
3483.34
3483.81
3426.92
3443.12
3435.56
3453.49
3465.39
3400.97
3390.68
3271.03
3310.11
3269.96
3310.24
3369.16
3443.44
3510.45
3509.44
3550.5
3545.53
3572.66
3537.01
3585.15
3626.91
3609.53
3567.79
3581.87
3557.54
3577.59
3635.41
3629.65
3621.63
3662.45
3669.01
3666.72
3699.12
3691.96
3702.25
3672.82
3668.1
3663.46
3647.49
3694.62
3701.17
3722.48
3709.41
3694.92
3687.26
3690.01
3703.06
3735.36
3727.04
3732.04
3756.07
3700.65
3726.86
3748.14
3803.79
3824.68
3799.61
3801.19
3809.84
3795.54
3768.25
3851.85
3853.07
3841.47
3855.36
3849.62
3750.77
3787.38
3714.24
3773.86
3826.31
3830.17
3871.74
3886.83
3915.59
3911.23
3909.88
3916.38
3934.83
3931.33
3913.97
3906.71
3876.5
3881.37
3925.43
3829.34
3811.15
3901.82
3870.29
3819.72
3768.47
3841.94
3821.35
3875.44
3898.81
3939.34
3943.34
3968.94
3962.71
3974.12
3915.46
3913.1
3940.59
3910.52
3889.14
3909.52
3974.54
3971.09
3958.55
3972.89
4019.87
4077.91
4073.94
4079.95
4097.17
4128.8
4127.99
4141.59
4124.66
4170.42
4185.47
4163.26
4134.94
4173.42
4134.98
4180.17
4187.62
4186.72
4183.18
4211.47
4181.17
4192.66
4164.66
4167.59
4201.62
4232.6
4188.43
4152.1
4063.04
4112.5
4173.85
4163.29
4127.83
4115.68
4159.12
4155.86
4197.05
4188.13
4195.99
4200.88
4204.11
4208.12
4192.85
4229.89
4226.52
4227.26
4219.55
4239.18
4247.44
4255.15
4246.59
4223.7
4221.86
4166.45
4224.79
4246.44
4241.84
4266.49
4280.7
4290.61
4291.8
4297.5
4319.94
4352.34
4358.13
4320.82
4369.55
4384.63
4369.21
4374.3
4360.03
4327.16
4258.63
4323.21
4358.69
4367.48
4411.8
4422.23
4401.46
4400.65
4419.15
4395.26
4387.11
4423.15
4402.68
4429.1
4436.52
4432.35
4436.75
4447.7
4460.84
4468.0
4479.66
4448.08
4400.27
4405.8
4441.67
4479.54
4486.23
4496.19
4469.91
4509.37
4528.79
4522.68
4524.09
4536.95
4535.43
4514.07
4493.28
4458.58
4468.73
4443.05
4480.7
4473.76
4432.99
4357.73
4354.18
4395.64
4448.98
4455.48
4443.11
4352.63
4359.46
4307.54
4357.05
4300.46
4345.72
4363.55
4399.76
4391.36
4361.19
4350.64
4363.8
4438.23
4471.37
4486.48
4519.63
4536.19
4549.78
4544.9
4566.48
4574.79
4551.68
4596.42
4605.38
4613.67
4630.65
4660.57
4680.06
4697.53
4701.7
4685.25
4646.71
4649.27
4682.85
4682.81
4700.9
4688.67
4706.64
4697.96
4682.95
4690.7
4701.46
4655.27
4567.0
4513.04
4577.1
4538.43
4591.67
4686.75
4701.21
4667.45
4712.02
4669.15
4634.09
4709.84
4668.67
4620.64
4568.02
4649.23
4696.56
4725.78
4791.19
4786.36
4793.06
4778.73
4766.18
4796.56
4793.54
4700.58
4696.05
4677.02
4670.29
4713.07
4726.35
4659.02
4662.85
4532.76
4482.73
4397.93
4410.13
4356.45
4349.93
4326.5
4431.85
4515.55
4546.54
4589.32
4477.44
4500.54
4483.87
4521.54
4587.18
4504.06
4418.64
4401.67
4471.07
4475.01
4380.26
4348.87
4225.5
4288.7
4384.62
4373.79
4306.26
4386.54
4363.49
4328.87
4201.09
4170.62
4277.88
4259.52
4204.31
4173.11
4262.45
4357.95
4411.67
4463.09
4461.18
4511.61
4456.23
4520.16
4543.04
4575.52
4631.6
4602.45
4530.41
4545.86
4582.64
4525.12
4481.15
4500.21
4488.28
4412.53
4397.45
4446.59
4392.59
4391.69
4462.21
4459.45
4393.66
4271.78
4296.12
4175.2
4183.96
4287.5
4131.93
4155.38
4175.48
4300.17
4152.38
4123.34
3991.24
4001.05
3935.18
3930.08
4023.89
4008.01
4088.85
3923.68
3900.79
3901.36
3973.75
3941.48
3978.73
4057.84
4158.24
4101.23
4176.82
4108.54
4121.43
4160.68
4115.77
4017.82
3900.86
3749.63
3735.48
3789.99
3666.77
3674.84
3759.89
3795.73
3911.74
3900.11
3821.55
3818.83
3785.38
3825.33
3845.08
3902.62
3899.38
3854.43
3818.8
3801.78
3790.38
3863.16
3830.85
3936.69
3959.9
3998.95
3961.63
3966.84
3921.05
4023.61
4072.43
4130.29
4118.63
4091.19
4155.17
4151.94
4145.19
4140.06
4122.47
4210.24
4207.27
4280.15
4297.14
4305.2
4274.04
4283.74
4228.48
4137.99
4128.73
4140.77
4199.12
4057.66
4030.61
3986.16
3955.0
3966.85
3924.26
3979.87
4006.18
4067.36
4110.41
3932.69
3946.01
3901.35
3873.33
3899.89
3855.93
3789.93
3757.99
3693.23
3655.04
3647.29
3719.04
3640.47
3585.62
3678.43
3790.93
3783.28
3744.52
3639.66
3612.39
3588.84
3577.03
3669.91
3583.07
3677.95
3719.98
3695.16
3665.78
3752.75
3797.34
3859.11
3830.6
3807.3
3901.06
3871.98
3856.1
3759.69
3719.89
3770.55
3806.8
3828.11
3748.57
3956.37
3992.93
3957.25
3991.73
3958.79
3946.56
3965.34
3949.94
4003.58
4027.26
4026.12
3963.94
3957.63
4080.11
4076.57
4071.7
3998.84
3941.26
3933.92
3963.51
3934.38
3990.56
4019.65
3995.32
3895.75
3852.36
3817.66
3821.62
3878.44
3822.39
3844.82
3829.25
3783.22
3849.28
3839.5
3824.14
3852.97
3808.1
3895.08
3892.09
3919.25
3969.61
3983.17
3999.09
3990.97
3928.86
3898.85
3972.61
4019.81
4016.95
4016.22
4060.43
4070.56
4017.77
4076.6
4119.21
4179.76
4136.48
4111.08
4164.0
4117.86
4081.5
4090.46
4137.29
4136.13
4147.6
4090.41
4079.09
3997.34
3991.05
4012.32
3970.04
3982.24
3970.15
3951.39
3981.35
4045.64
4048.42
3986.37
3992.01
3918.32
3861.59
3855.76
3920.56
3891.93
3960.28
3916.64
3951.57
4002.87
3936.97
3948.72
3970.99
3977.53
3971.27
4027.81
4050.83
4109.31
4124.51
4100.6
4090.38
4105.02
4109.11
4108.94
4091.95
4146.22
4137.64
4151.32
4154.87
4154.52
4129.79
4133.52
4137.04
4071.63
4055.99
4135.35
4169.48
4167.87
4119.58
4090.75
4061.22
4136.25
4138.12
4119.17
4137.64
4130.62
4124.08
4136.28
4109.9
4158.77
4198.05
4191.98
4192.63
4145.58
4115.24
4151.28
4205.45
4205.52
4179.83
4221.02
4282.37
4273.79
4283.85
4267.52
4293.93
4298.86
4338.93
4369.01
4372.59
4425.84
4409.59
4388.71
4365.69
4381.89
4348.33
4328.82
4378.41
4376.86
4396.44
4450.38
4455.59
4446.82
4411.59
4398.95
4409.53
4439.26
4472.16
4510.04
4505.42
4522.79
4554.98
4565.72
4534.87
4536.34
4554.64
4567.46
4566.75
4537.41
4582.23
4588.96
4576.73
4513.39
4501.89
4478.03
4518.44
4499.38
4467.71
4468.83
4464.05
4489.72
4437.86
4404.33
4370.36
4369.71
4399.77
4387.55
4436.01
4376.31
4405.71
4433.31
4497.63
4514.87
4507.66
4515.77
4496.83
4465.48
4451.14
4457.49
4487.46
4461.9
4467.44
4505.1
4450.32
4453.53
4443.95
4402.2
4330.0
4320.06
4337.44
4273.53
4274.51
4299.7
4288.05
4288.39
4229.45
4263.75
4258.19
4308.5
4335.66
4358.24
4376.95
4349.61
4327.78
4373.63
4373.2
4314.6
4278.0
4224.16
4217.04
4247.68
4186.77
4137.23
4117.37
4166.82
4193.8
4237.86
4317.78
4358.34
4365.98
4378.38
4382.78
4347.35
4415.24
4411.55
4495.7
4502.88
4508.24
4514.02
4547.38
4538.19
4556.62
4559.34
4550.43
4554.89
4550.58
4567.78
4594.63
4569.78
4567.18
4549.34
4585.59
4604.37
4622.44
4643.7
4707.09
4719.55
4719.19
4740.56
4768.37
4701.19
4746.75
4754.63
4774.75
4781.58
4783.35
4769.83
4742.83
4704.81
4688.68
4697.24
4763.54
4756.5
4783.45
4780.24
4783.83
4762.85
4739.21
4780.94
4839.81
4850.43
4864.6
4868.55
4894.16
4890.97
4927.93
4924.97
4848.87
4906.19
4958.61
