28.68
29.53
30.1
31.27
32.81
32.09
31.88
34.99
35.86
34.57
34.23
34.03
36.48
37.97
38.15
37.65
37.2
37.79
38.73
42.72
43.37
52.0
59.14
48.98
49.93
49.87
51.42
51.63
51.15
53.6
53.34
57.23
61.16
59.96
60.07
55.59
53.33
51.92
45.27
44.53
49.57
49.7
49.97
48.3
46.9
40.53
43.02
42.28
37.37
36.44
29.67
28.68
24.08
28.51
28.5
28.95
33.67
35.95
35.21
34.29
33.48
34.93
32.1
30.3
32.0
34.42
36.36
36.59
38.2
43.4
47.33
48.66
49.68
50.26
49.76
45.78
48.81
47.04
48.34
53.25
51.27
53.37
52.13
46.75
50.75
51.21
52.17
52.0
54.63
54.09
53.96
52.73
53.56
53.28
54.24
53.87
54.37
55.17
54.46
54.68
53.72
55.67
59.87
58.77
58.86
57.63
59.04
63.33
62.71
68.34
64.86
62.35
66.06
65.48
66.12
66.93
66.73
66.29
66.79
64.06
65.73
63.98
67.29
71.99
74.64
80.58
92.66
91.06
92.95
102.98
99.8
101.12
103.07
100.04
100.06
109.53
104.56
106.16
100.87
94.47
102.64
98.43
99.94
99.17
95.38
99.0
99.13
99.0
99.31
96.85
94.57
91.63
103.65
108.07
110.05
122.38
125.81
125.24
133.46
136.67
134.28
134.89
143.54
149.25
147.56
166.11
158.35
149.12
135.67
139.44
122.09
123.78
124.24
139.87
149.92
147.25
141.14
147.38
149.8
141.41
126.79
129.26
135.78
140.4
139.69
143.0
149.39
138.36
141.89
137.99
141.77
141.97
144.67
147.43
148.88
153.77
149.63
146.56
143.61
140.65
140.88
141.93
140.21
140.09
141.56
135.34
136.94
129.35
133.5
141.3
140.33
146.03
143.32
140.42
136.79
139.04
137.25
136.17
136.03
147.2
162.21
166.42
163.2
173.95
185.13
191.33
189.2
194.92
189.61
197.79
199.68
213.92
216.63
201.49
209.02
203.33
213.28
211.08
207.59
218.63
231.67
216.62
213.45
215.33
220.59
221.23
222.0
231.59
235.22
243.26
245.04
251.99
272.01
293.34
270.4
283.15
284.8
281.67
275.39
283.48
281.66
282.21
293.6
294.36
288.05
278.48
264.51
279.94
290.93
284.9
283.33
284.08
287.81
283.15
268.27
270.55
272.04
266.05
262.46
260.43
238.17
232.95
247.34
227.41
225.17
239.48
228.81
217.73
207.15
199.32
187.67
224.53
222.69
233.2
231.24
235.98
225.63
233.94
217.72
218.29
223.33
220.72
210.09
213.46
206.24
203.76
211.87
222.64
220.58
230.35
230.54
223.66
227.93
225.67
233.99
254.11
244.08
246.28
246.59
238.21
239.66
248.04
239.9
243.13
246.07
234.91
231.47
225.67
236.48
228.3
224.53
223.65
221.18
224.12
209.68
205.73
196.63
190.56
196.58
192.28
192.62
187.82
195.59
193.63
202.15
201.56
206.38
210.28
208.41
201.71
190.95
199.68
201.71
201.2
199.59
203.37
203.3
205.9
199.79
201.62
205.53
207.77
206.94
207.9
218.86
226.61
223.96
229.57
226.92
226.57
225.97
226.3
214.88
217.6
218.98
228.57
222.85
217.79
216.87
214.74
215.41
220.17
218.43
216.42
214.46
219.21
214.93
215.66
225.78
229.07
236.56
236.58
236.97
238.21
233.03
237.92
236.66
235.94
240.75
239.06
228.72
221.9
229.66
224.49
226.75
235.43
236.16
237.07
233.72
237.31
243.64
245.24
244.7
244.13
244.52
251.29
251.62
245.42
247.67
248.16
251.94
252.33
253.16
243.39
246.46
250.65
251.21
258.13
263.79
259.19
260.44
258.49
258.41
260.51
260.2
260.92
264.54
261.83
263.98
268.57
270.36
272.77
281.01
290.04
288.09
288.6
298.0
303.23
341.62
339.48
345.95
359.01
371.33
402.86
390.67
404.62
409.97
407.36
387.65
341.17
355.98
354.5
344.47
337.8
351.58
363.0
365.46
379.02
385.62
369.68
372.0
379.0
381.59
365.0
361.53
338.32
336.34
350.58
356.32
334.6
339.01
322.14
319.5
325.33
308.97
310.86
299.98
312.84
336.29
355.67
364.65
362.82
362.06
356.78
352.26
399.93
383.2
362.71
354.9
342.32
352.71
354.8
368.74
343.85
349.87
331.88
332.09
314.63
310.0
306.13
312.47
276.37
282.12
312.24
310.42
301.89
297.05
307.77
302.45
307.33
310.67
301.52
286.67
291.92
307.48
307.8
292.12
285.66
254.68
266.92
269.96
290.14
288.12
293.3
279.76
279.43
268.19
274.8
286.32
279.43
265.12
255.46
267.3
280.08
290.53
301.8
307.05
331.33
333.04
337.97
336.88
363.95
366.52
364.66
359.2
361.53
381.82
363.75
348.59
352.42
341.83
325.31
328.98
340.79
328.33
334.76
342.72
325.73
336.26
335.02
332.67
292.14
293.84
292.5
290.25
300.98
303.08
317.54
291.09
288.55
262.37
266.68
244.67
242.67
256.53
241.46
253.87
236.6
236.47
221.3
224.97
209.39
219.6
235.91
253.21
246.79
258.33
234.52
238.28
238.89
241.87
239.71
232.23
215.74
220.89
233.0
213.1
216.76
236.09
235.07
245.71
244.92
232.66
228.49
224.47
227.26
231.73
244.54
250.76
234.34
233.07
237.04
238.31
240.07
240.55
245.53
247.5
271.71
272.24
268.43
258.86
274.82
280.9
297.15
297.28
300.59
307.4
308.63
288.17
290.42
283.33
294.36
286.63
300.03
309.32
306.56
304.0
302.87
296.67
289.91
296.45
297.1
296.07
288.09
284.82
277.7
275.61
277.16
270.21
283.7
289.26
299.68
304.42
292.13
302.61
303.75
303.35
309.07
308.73
300.8
288.59
275.33
276.01
282.94
287.81
268.21
265.25
242.4
249.44
240.81
238.13
223.07
222.96
216.5
217.24
221.72
204.99
219.35
220.19
222.04
207.28
214.44
211.25
222.41
224.64
225.09
228.52
227.54
227.82
214.98
215.31
207.47
197.08
191.3
177.59
190.72
195.97
190.95
194.42
186.92
183.17
180.19
167.87
169.91
183.2
182.86
182.92
180.83
194.7
194.7
194.86
182.45
179.82
174.04
173.44
179.05
167.82
160.95
156.8
157.67
150.23
149.87
137.8
137.57
125.35
123.15
109.1
112.71
121.82
123.18
108.1
113.64
110.34
113.06
119.77
118.85
123.22
123.56
122.4
131.49
128.78
127.17
133.42
143.75
143.89
144.43
160.27
177.9
166.66
173.22
181.41
188.27
189.98
194.76
196.81
201.29
207.32
196.89
194.64
209.25
214.24
202.04
208.31
197.37
200.86
202.07
196.88
207.63
205.71
202.77
190.9
197.79
193.81
187.71
182.0
172.92
173.44
174.48
183.26
180.45
184.13
180.13
183.25
197.58
191.15
192.22
190.41
191.81
189.19
193.88
195.28
207.46
194.77
192.58
185.52
185.06
184.51
186.79
180.54
185.9
185.0
187.04
184.31
180.59
162.99
165.08
162.55
160.67
153.75
160.19
164.31
161.83
160.31
160.61
161.2
170.06
171.79
169.15
168.54
172.08
167.98
166.35
166.52
173.86
176.89
180.14
188.87
185.77
182.9
184.47
193.17
201.16
203.93
207.52
213.97
217.61
221.31
224.57
234.86
244.4
249.83
258.71
256.79
255.9
260.54
274.45
259.46
264.61
256.6
241.05
250.21
256.24
257.5
261.77
279.82
282.48
276.54
274.43
269.61
269.79
271.99
277.9
281.38
290.38
293.34
291.26
262.9
260.02
269.06
265.28
264.35
255.71
266.44
267.43
261.07
254.11
259.32
253.86
251.45
249.7
242.19
245.34
242.65
239.76
232.96
225.6
219.22
215.49
231.28
233.19
236.86
230.04
238.59
238.82
257.18
256.9
258.08
245.01
256.49
251.92
251.49
248.5
273.58
267.48
271.3
276.04
274.39
265.28
266.5
262.59
255.7
244.88
246.99
244.12
240.5
246.38
250.22
251.6
246.53
261.16
260.05
260.53
259.67
263.62
262.99
258.87
251.12
253.92
254.85
242.68
220.11
211.99
212.08
216.52
212.42
205.76
207.3
197.36
200.84
205.66
218.51
219.96
219.27
222.18
222.11
209.98
214.65
223.71
237.41
242.84
233.59
234.3
235.6
241.2
234.21
235.45
236.08
246.72
244.14
240.08
238.83
235.58
238.72
239.37
242.64
243.84
239.74
237.01
239.29
251.05
253.5
252.08
257.22
247.14
254.5
252.54
256.61
261.44
253.18
248.48
248.42
238.45
237.93
237.49
240.45
234.96
233.94
227.22
218.89
219.91
215.55
211.88
212.19
208.8
209.14
207.83
182.63
183.25
190.93
191.59
187.29
188.86
187.91
